Sample	37	42	47	52	57	62	67	72	77	82	87	92	97	102	107	112	117	122	127	132	137	142	147	152	157	162	167	172	177	182	187	192	197	202	207	212	217	222	227	232	237	242	247	251
S100_R1	608.0	4.0	9.0	18.0	26.0	33.0	59.0	75.0	13.0	37.0	27.0	29.0	70.0	9.0	15.0	15.0	22.0	49.0	26.0	30.0	41.0	47.0	40.0	50.0	46.0	60.0	55.0	115.0	46.0	51.0	123.0	40.0	40.0	38.0	54.0	69.0	101.0	35.0	85.0	45.0	67.0	93.0	751.0	123395.0
S100_R2	754.0	6.0	4.0	11.0	14.0	23.0	27.0	31.0	5.0	24.0	14.0	17.0	33.0	6.0	11.0	17.0	16.0	21.0	16.0	20.0	25.0	38.0	35.0	37.0	40.0	57.0	44.0	48.0	39.0	43.0	39.0	30.0	22.0	30.0	44.0	42.0	65.0	27.0	33.0	29.0	36.0	50.0	2475.0	122263.0
S101_R1	1739.0	11.0	14.0	32.0	37.0	33.0	27.0	21.0	8.0	16.0	14.0	2.0	22.0	4.0	5.0	1.0	3.0	11.0	1.0	5.0	6.0	5.0	7.0	7.0	6.0	19.0	10.0	31.0	8.0	16.0	45.0	9.0	12.0	9.0	15.0	30.0	11.0	5.0	28.0	9.0	14.0	25.0	657.0	147624.0
S101_R2	2221.0	9.0	11.0	28.0	66.0	55.0	9.0	10.0	2.0	15.0	7.0	1.0	25.0	6.0	4.0	3.0	3.0	11.0	0.0	7.0	7.0	5.0	12.0	12.0	6.0	25.0	10.0	19.0	8.0	17.0	21.0	9.0	12.0	11.0	15.0	29.0	13.0	4.0	22.0	14.0	15.0	28.0	1117.0	146690.0
S102_R1	3615.0	12.0	1.0	6.0	28.0	8.0	8.0	11.0	2.0	22.0	13.0	9.0	31.0	4.0	5.0	5.0	8.0	22.0	9.0	6.0	15.0	12.0	22.0	18.0	19.0	21.0	26.0	54.0	19.0	18.0	50.0	18.0	16.0	16.0	155.0	35.0	44.0	15.0	34.0	21.0	24.0	22.0	502.0	141771.0
S102_R2	3811.0	11.0	1.0	6.0	29.0	11.0	11.0	10.0	1.0	21.0	14.0	11.0	33.0	4.0	5.0	6.0	8.0	22.0	13.0	6.0	14.0	12.0	25.0	19.0	20.0	25.0	29.0	35.0	18.0	21.0	20.0	15.0	17.0	14.0	114.0	24.0	44.0	11.0	26.0	18.0	23.0	17.0	1248.0	140929.0
S103_R1	4243.0	10.0	11.0	13.0	35.0	3.0	15.0	15.0	7.0	17.0	13.0	9.0	17.0	8.0	5.0	7.0	4.0	15.0	9.0	11.0	12.0	18.0	16.0	12.0	20.0	33.0	29.0	45.0	18.0	18.0	46.0	13.0	11.0	10.0	26.0	34.0	37.0	20.0	29.0	24.0	19.0	26.0	974.0	360287.0
S103_R2	4538.0	11.0	10.0	13.0	35.0	9.0	11.0	13.0	9.0	16.0	12.0	6.0	18.0	10.0	6.0	7.0	4.0	14.0	12.0	13.0	14.0	19.0	18.0	14.0	18.0	31.0	33.0	24.0	21.0	21.0	27.0	13.0	11.0	10.0	28.0	28.0	34.0	17.0	25.0	22.0	20.0	21.0	2064.0	358944.0
S104_R1	7464.0	28.0	20.0	19.0	41.0	24.0	33.0	51.0	11.0	42.0	16.0	6.0	40.0	6.0	10.0	13.0	14.0	23.0	25.0	20.0	25.0	39.0	26.0	20.0	41.0	28.0	28.0	125.0	49.0	53.0	150.0	26.0	28.0	29.0	37.0	104.0	92.0	26.0	76.0	46.0	98.0	39.0	1610.0	328980.0
S104_R2	8137.0	32.0	20.0	14.0	37.0	19.0	30.0	43.0	11.0	43.0	14.0	5.0	43.0	5.0	12.0	13.0	14.0	20.0	20.0	19.0	24.0	23.0	28.0	23.0	44.0	30.0	30.0	61.0	49.0	50.0	80.0	24.0	26.0	31.0	37.0	60.0	102.0	23.0	63.0	41.0	95.0	47.0	1758.0	328381.0
S105_R1	7179.0	21.0	16.0	20.0	46.0	14.0	12.0	16.0	30.0	144.0	88.0	22.0	286.0	25.0	19.0	16.0	13.0	80.0	33.0	27.0	57.0	28.0	44.0	37.0	23.0	27.0	39.0	342.0	53.0	30.0	367.0	36.0	21.0	30.0	47.0	202.0	45.0	40.0	164.0	41.0	128.0	48.0	1896.0	164685.0
S105_R2	7633.0	23.0	17.0	22.0	51.0	47.0	14.0	13.0	28.0	148.0	92.0	21.0	279.0	25.0	20.0	16.0	17.0	74.0	34.0	29.0	56.0	29.0	42.0	40.0	29.0	30.0	42.0	111.0	52.0	29.0	99.0	39.0	24.0	29.0	46.0	84.0	41.0	40.0	87.0	38.0	129.0	46.0	2064.0	164708.0
S106_R1	187.0	53.0	31.0	8.0	6.0	5.0	4.0	8.0	2.0	128.0	53.0	2.0	272.0	6.0	1.0	0.0	2.0	26.0	1.0	0.0	49.0	4.0	0.0	4.0	1.0	3.0	1.0	78.0	6.0	1.0	184.0	7.0	2.0	2.0	48.0	35.0	169.0	3.0	30.0	0.0	2.0	2.0	720.0	407817.0
S106_R2	248.0	54.0	29.0	7.0	7.0	4.0	4.0	4.0	0.0	113.0	55.0	1.0	254.0	6.0	1.0	0.0	1.0	21.0	1.0	0.0	36.0	4.0	0.0	4.0	1.0	3.0	1.0	24.0	6.0	0.0	59.0	7.0	2.0	2.0	48.0	12.0	159.0	2.0	4.0	0.0	2.0	3.0	3696.0	405078.0
S107_R1	19496.0	43.0	39.0	59.0	48.0	49.0	42.0	44.0	54.0	381.0	198.0	45.0	453.0	75.0	37.0	39.0	36.0	180.0	54.0	53.0	108.0	52.0	74.0	82.0	67.0	77.0	112.0	565.0	108.0	90.0	624.0	73.0	57.0	65.0	81.0	276.0	296.0	55.0	256.0	72.0	204.0	120.0	2719.0	135186.0
S107_R2	20594.0	40.0	39.0	41.0	97.0	110.0	42.0	38.0	48.0	385.0	191.0	50.0	433.0	72.0	42.0	41.0	42.0	158.0	56.0	59.0	101.0	46.0	71.0	89.0	70.0	74.0	109.0	205.0	89.0	82.0	186.0	60.0	53.0	68.0	76.0	114.0	279.0	53.0	126.0	65.0	192.0	102.0	2075.0	135881.0
S10_R1	784.0	5.0	1.0	7.0	35.0	1.0	2.0	7.0	11.0	66.0	42.0	4.0	142.0	10.0	4.0	4.0	3.0	45.0	12.0	18.0	38.0	18.0	18.0	15.0	15.0	26.0	14.0	203.0	24.0	20.0	238.0	18.0	15.0	21.0	47.0	150.0	23.0	22.0	124.0	18.0	22.0	31.0	1859.0	225120.0
S10_R2	845.0	4.0	1.0	8.0	41.0	3.0	3.0	5.0	13.0	63.0	40.0	7.0	122.0	9.0	4.0	2.0	3.0	22.0	13.0	20.0	22.0	16.0	16.0	16.0	17.0	22.0	13.0	31.0	18.0	15.0	24.0	12.0	11.0	13.0	36.0	36.0	19.0	13.0	19.0	10.0	16.0	23.0	7747.0	219909.0
S110_R1	21053.0	103.0	55.0	80.0	107.0	114.0	123.0	156.0	87.0	441.0	275.0	65.0	803.0	89.0	69.0	89.0	72.0	291.0	88.0	115.0	182.0	102.0	171.0	192.0	146.0	157.0	156.0	1190.0	222.0	227.0	1082.0	156.0	125.0	152.0	230.0	608.0	459.0	149.0	607.0	176.0	445.0	223.0	5122.0	425196.0
S110_R2	22405.0	102.0	55.0	64.0	119.0	99.0	101.0	137.0	60.0	413.0	248.0	63.0	784.0	90.0	75.0	101.0	75.0	264.0	93.0	119.0	165.0	101.0	182.0	196.0	153.0	150.0	161.0	499.0	199.0	230.0	403.0	141.0	118.0	143.0	245.0	288.0	448.0	134.0	322.0	167.0	436.0	207.0	4676.0	426519.0
S112_R1	601.0	5.0	3.0	1.0	7.0	3.0	2.0	3.0	2.0	8.0	3.0	0.0	31.0	4.0	1.0	6.0	0.0	4.0	6.0	2.0	10.0	5.0	6.0	14.0	5.0	10.0	5.0	42.0	9.0	9.0	77.0	13.0	6.0	7.0	8.0	27.0	20.0	5.0	40.0	7.0	6.0	7.0	273.0	48157.0
S112_R2	648.0	5.0	4.0	1.0	8.0	5.0	2.0	4.0	3.0	5.0	3.0	0.0	34.0	4.0	1.0	5.0	1.0	3.0	4.0	6.0	8.0	6.0	5.0	15.0	5.0	9.0	4.0	21.0	8.0	12.0	22.0	9.0	5.0	8.0	8.0	13.0	22.0	7.0	15.0	8.0	5.0	7.0	588.0	47904.0
S113_R1	5853.0	21.0	14.0	19.0	34.0	38.0	24.0	44.0	21.0	67.0	29.0	18.0	108.0	26.0	21.0	29.0	32.0	49.0	31.0	34.0	43.0	22.0	58.0	61.0	47.0	54.0	81.0	222.0	90.0	95.0	224.0	44.0	50.0	58.0	83.0	170.0	128.0	79.0	139.0	68.0	173.0	98.0	2002.0	331994.0
S113_R2	6280.0	21.0	15.0	11.0	32.0	35.0	23.0	41.0	12.0	67.0	28.0	19.0	108.0	22.0	26.0	30.0	30.0	43.0	34.0	28.0	39.0	24.0	60.0	59.0	54.0	51.0	83.0	101.0	89.0	89.0	91.0	42.0	50.0	48.0	92.0	90.0	120.0	73.0	86.0	64.0	163.0	78.0	2721.0	331323.0
S114_R1	4713.0	23.0	6.0	7.0	20.0	9.0	12.0	23.0	10.0	20.0	16.0	1.0	19.0	3.0	8.0	4.0	8.0	8.0	18.0	23.0	12.0	8.0	13.0	17.0	11.0	36.0	11.0	46.0	8.0	11.0	43.0	12.0	18.0	19.0	143.0	18.0	31.0	15.0	17.0	13.0	21.0	22.0	793.0	324840.0
S114_R2	5045.0	22.0	7.0	6.0	27.0	10.0	5.0	16.0	7.0	22.0	10.0	2.0	18.0	3.0	8.0	6.0	10.0	9.0	16.0	25.0	9.0	8.0	13.0	18.0	9.0	36.0	13.0	30.0	8.0	8.0	26.0	11.0	15.0	14.0	143.0	16.0	29.0	10.0	17.0	11.0	20.0	15.0	2160.0	323216.0
S115_R1	6468.0	14.0	10.0	18.0	11.0	9.0	8.0	8.0	12.0	50.0	18.0	7.0	43.0	10.0	6.0	9.0	6.0	12.0	8.0	6.0	9.0	10.0	11.0	14.0	7.0	9.0	11.0	58.0	12.0	9.0	44.0	10.0	10.0	10.0	5.0	23.0	30.0	4.0	19.0	13.0	11.0	11.0	402.0	101725.0
S115_R2	6834.0	16.0	9.0	18.0	30.0	19.0	8.0	7.0	11.0	49.0	15.0	7.0	42.0	10.0	8.0	7.0	6.0	11.0	8.0	7.0	8.0	9.0	11.0	17.0	7.0	10.0	11.0	15.0	12.0	10.0	22.0	9.0	10.0	9.0	6.0	17.0	28.0	2.0	12.0	12.0	10.0	8.0	616.0	101207.0
S117_R1	393.0	50.0	17.0	11.0	5.0	3.0	13.0	18.0	2.0	193.0	119.0	1.0	565.0	1.0	4.0	2.0	2.0	136.0	5.0	0.0	119.0	3.0	2.0	2.0	1.0	2.0	4.0	308.0	15.0	1.0	457.0	2.0	0.0	7.0	2.0	173.0	213.0	6.0	101.0	4.0	12.0	10.0	718.0	251182.0
S117_R2	421.0	49.0	15.0	12.0	5.0	5.0	14.0	17.0	2.0	196.0	108.0	0.0	539.0	1.0	4.0	3.0	2.0	122.0	4.0	0.0	104.0	3.0	2.0	1.0	1.0	2.0	4.0	142.0	8.0	1.0	134.0	0.0	0.0	6.0	2.0	76.0	218.0	6.0	25.0	4.0	12.0	5.0	1454.0	251155.0
S119_R1	9932.0	103.0	19.0	25.0	21.0	31.0	47.0	49.0	13.0	93.0	75.0	3.0	225.0	6.0	2.0	2.0	5.0	55.0	10.0	8.0	44.0	7.0	11.0	19.0	9.0	26.0	24.0	416.0	31.0	13.0	539.0	9.0	5.0	6.0	18.0	304.0	655.0	16.0	149.0	13.0	52.0	20.0	2007.0	335820.0
S119_R2	10344.0	104.0	25.0	26.0	34.0	44.0	62.0	53.0	6.0	92.0	60.0	4.0	216.0	7.0	1.0	4.0	5.0	38.0	9.0	9.0	37.0	6.0	12.0	18.0	9.0	25.0	22.0	150.0	23.0	13.0	169.0	9.0	3.0	5.0	17.0	134.0	639.0	13.0	51.0	11.0	55.0	19.0	1721.0	336633.0
S122_R1	9213.0	25.0	28.0	39.0	69.0	87.0	142.0	153.0	12.0	39.0	29.0	15.0	44.0	25.0	21.0	34.0	29.0	26.0	25.0	21.0	26.0	22.0	33.0	33.0	49.0	51.0	74.0	108.0	50.0	52.0	93.0	35.0	48.0	51.0	65.0	79.0	61.0	53.0	54.0	48.0	65.0	83.0	1883.0	340227.0
S122_R2	10405.0	19.0	23.0	26.0	46.0	59.0	109.0	130.0	10.0	33.0	27.0	9.0	46.0	27.0	24.0	31.0	34.0	24.0	25.0	22.0	28.0	21.0	37.0	37.0	57.0	55.0	76.0	78.0	49.0	55.0	62.0	36.0	49.0	55.0	69.0	52.0	65.0	50.0	47.0	46.0	59.0	74.0	1826.0	339307.0
S123_R1	4400.0	13.0	11.0	23.0	26.0	13.0	25.0	32.0	12.0	32.0	26.0	15.0	39.0	31.0	21.0	15.0	10.0	25.0	23.0	32.0	34.0	31.0	39.0	37.0	37.0	56.0	39.0	105.0	34.0	39.0	95.0	32.0	42.0	43.0	53.0	82.0	59.0	42.0	79.0	51.0	57.0	52.0	859.0	218892.0
S123_R2	4745.0	13.0	10.0	22.0	26.0	13.0	18.0	21.0	13.0	33.0	25.0	14.0	37.0	33.0	23.0	15.0	11.0	28.0	23.0	33.0	34.0	29.0	34.0	39.0	37.0	58.0	39.0	69.0	33.0	42.0	53.0	34.0	42.0	40.0	59.0	66.0	62.0	40.0	61.0	50.0	61.0	47.0	1893.0	217635.0
S124_R1	3442.0	11.0	13.0	6.0	69.0	8.0	3.0	9.0	2.0	10.0	4.0	1.0	4.0	2.0	2.0	0.0	2.0	5.0	2.0	4.0	2.0	6.0	7.0	4.0	1.0	7.0	6.0	10.0	8.0	8.0	17.0	4.0	6.0	2.0	35.0	7.0	10.0	7.0	16.0	5.0	10.0	9.0	443.0	135859.0
S124_R2	4027.0	11.0	10.0	11.0	78.0	6.0	3.0	8.0	2.0	12.0	3.0	2.0	6.0	2.0	3.0	0.0	3.0	2.0	1.0	5.0	2.0	2.0	7.0	3.0	1.0	7.0	6.0	8.0	6.0	8.0	10.0	3.0	4.0	3.0	32.0	5.0	7.0	7.0	7.0	2.0	7.0	7.0	2904.0	132845.0
S125_R1	5530.0	12.0	20.0	43.0	105.0	140.0	243.0	504.0	70.0	30.0	59.0	7.0	15.0	1.0	3.0	5.0	9.0	8.0	6.0	3.0	4.0	7.0	5.0	4.0	4.0	6.0	4.0	25.0	9.0	8.0	26.0	2.0	12.0	6.0	6.0	15.0	20.0	8.0	14.0	7.0	32.0	22.0	527.0	98333.0
S125_R2	7385.0	6.0	8.0	20.0	54.0	62.0	123.0	222.0	13.0	16.0	8.0	3.0	14.0	2.0	5.0	4.0	7.0	7.0	3.0	3.0	3.0	6.0	5.0	6.0	4.0	8.0	7.0	15.0	10.0	4.0	16.0	5.0	11.0	9.0	8.0	9.0	19.0	9.0	13.0	6.0	29.0	23.0	910.0	96819.0
S126_R1	7411.0	37.0	13.0	20.0	72.0	40.0	42.0	55.0	27.0	108.0	81.0	24.0	193.0	14.0	18.0	22.0	23.0	61.0	22.0	31.0	39.0	25.0	34.0	37.0	19.0	56.0	40.0	254.0	48.0	47.0	261.0	27.0	25.0	27.0	70.0	200.0	224.0	28.0	149.0	39.0	122.0	49.0	1842.0	368890.0
S126_R2	8102.0	40.0	13.0	18.0	81.0	39.0	32.0	45.0	12.0	116.0	78.0	21.0	179.0	12.0	20.0	20.0	22.0	48.0	23.0	35.0	37.0	24.0	43.0	39.0	21.0	51.0	39.0	86.0	48.0	48.0	71.0	24.0	30.0	23.0	68.0	84.0	207.0	28.0	67.0	33.0	108.0	38.0	3684.0	367009.0
S127_R1	3880.0	8.0	9.0	24.0	79.0	29.0	34.0	57.0	17.0	18.0	21.0	10.0	55.0	11.0	4.0	10.0	23.0	33.0	8.0	12.0	17.0	9.0	11.0	14.0	28.0	50.0	16.0	67.0	20.0	26.0	108.0	21.0	12.0	8.0	33.0	66.0	36.0	14.0	52.0	13.0	24.0	34.0	1176.0	530299.0
S127_R2	4458.0	10.0	3.0	17.0	78.0	21.0	24.0	40.0	5.0	18.0	24.0	6.0	52.0	12.0	3.0	11.0	22.0	23.0	8.0	13.0	15.0	8.0	12.0	15.0	25.0	50.0	14.0	37.0	22.0	23.0	43.0	16.0	17.0	13.0	34.0	46.0	37.0	16.0	33.0	13.0	25.0	35.0	4207.0	526892.0
S128_R1	6491.0	14.0	10.0	21.0	39.0	53.0	84.0	89.0	8.0	20.0	11.0	13.0	13.0	6.0	8.0	9.0	1.0	12.0	17.0	11.0	12.0	6.0	17.0	12.0	23.0	17.0	27.0	47.0	17.0	19.0	41.0	19.0	20.0	16.0	26.0	52.0	36.0	26.0	44.0	36.0	95.0	44.0	972.0	202047.0
S128_R2	7168.0	9.0	7.0	15.0	12.0	30.0	52.0	74.0	5.0	11.0	9.0	8.0	16.0	7.0	11.0	6.0	3.0	12.0	16.0	12.0	10.0	7.0	19.0	9.0	25.0	18.0	26.0	31.0	12.0	23.0	22.0	19.0	17.0	15.0	28.0	36.0	39.0	22.0	37.0	31.0	89.0	32.0	970.0	201581.0
S129_R1	7014.0	23.0	17.0	21.0	20.0	23.0	18.0	21.0	26.0	76.0	56.0	14.0	115.0	29.0	23.0	22.0	20.0	50.0	19.0	38.0	33.0	28.0	33.0	30.0	48.0	31.0	41.0	108.0	37.0	42.0	121.0	32.0	35.0	35.0	36.0	80.0	52.0	29.0	56.0	29.0	97.0	29.0	759.0	81080.0
S129_R2	7417.0	27.0	14.0	20.0	23.0	44.0	21.0	19.0	28.0	67.0	49.0	15.0	108.0	33.0	24.0	26.0	21.0	42.0	19.0	33.0	33.0	32.0	33.0	34.0	49.0	35.0	40.0	56.0	40.0	37.0	43.0	28.0	40.0	36.0	38.0	51.0	51.0	29.0	33.0	31.0	92.0	25.0	664.0	80946.0
S130_R1	2843.0	145.0	46.0	24.0	35.0	24.0	34.0	42.0	5.0	325.0	200.0	10.0	871.0	15.0	8.0	7.0	10.0	172.0	14.0	18.0	170.0	12.0	7.0	30.0	36.0	31.0	14.0	769.0	56.0	10.0	1054.0	10.0	8.0	8.0	23.0	515.0	2216.0	17.0	360.0	20.0	34.0	16.0	1976.0	374891.0
S130_R2	3003.0	153.0	49.0	24.0	37.0	31.0	34.0	41.0	5.0	332.0	202.0	9.0	847.0	15.0	7.0	7.0	9.0	137.0	13.0	18.0	148.0	12.0	8.0	30.0	39.0	29.0	14.0	314.0	46.0	11.0	336.0	9.0	6.0	8.0	23.0	247.0	2209.0	17.0	111.0	13.0	30.0	15.0	2169.0	376314.0
S131_R1	7077.0	31.0	19.0	20.0	17.0	21.0	26.0	18.0	29.0	208.0	91.0	25.0	329.0	27.0	25.0	28.0	20.0	83.0	35.0	28.0	71.0	35.0	44.0	71.0	51.0	48.0	70.0	386.0	56.0	58.0	435.0	50.0	35.0	48.0	73.0	166.0	447.0	46.0	173.0	53.0	193.0	43.0	2151.0	204654.0
S131_R2	7497.0	32.0	21.0	18.0	31.0	37.0	23.0	19.0	27.0	206.0	87.0	26.0	299.0	26.0	26.0	31.0	22.0	75.0	33.0	31.0	62.0	32.0	46.0	72.0	46.0	50.0	73.0	141.0	51.0	58.0	124.0	40.0	35.0	49.0	71.0	81.0	433.0	41.0	76.0	46.0	184.0	40.0	1712.0	205484.0
S132_R1	10706.0	15.0	23.0	21.0	42.0	26.0	20.0	18.0	5.0	17.0	8.0	5.0	9.0	6.0	2.0	2.0	5.0	6.0	4.0	3.0	5.0	10.0	11.0	9.0	6.0	21.0	14.0	26.0	4.0	8.0	20.0	6.0	8.0	3.0	28.0	17.0	23.0	11.0	19.0	10.0	11.0	27.0	617.0	121538.0
S132_R2	12440.0	13.0	18.0	19.0	46.0	34.0	10.0	12.0	5.0	14.0	7.0	4.0	11.0	8.0	2.0	3.0	4.0	6.0	3.0	3.0	5.0	5.0	12.0	7.0	6.0	22.0	16.0	15.0	5.0	7.0	7.0	6.0	5.0	2.0	24.0	12.0	23.0	11.0	8.0	4.0	9.0	13.0	3389.0	117120.0
S133_R1	6210.0	168.0	40.0	30.0	35.0	22.0	61.0	86.0	13.0	369.0	211.0	9.0	760.0	8.0	11.0	10.0	5.0	156.0	14.0	15.0	143.0	0.0	9.0	22.0	11.0	33.0	20.0	656.0	42.0	16.0	880.0	10.0	5.0	9.0	16.0	466.0	2488.0	19.0	279.0	7.0	22.0	25.0	1794.0	229283.0
S133_R2	6649.0	177.0	47.0	33.0	38.0	48.0	70.0	91.0	9.0	362.0	199.0	9.0	761.0	9.0	13.0	10.0	5.0	140.0	12.0	18.0	129.0	0.0	9.0	21.0	10.0	35.0	20.0	296.0	38.0	14.0	286.0	9.0	7.0	11.0	18.0	242.0	2516.0	15.0	87.0	5.0	24.0	22.0	1029.0	230945.0
S134_R1	17652.0	36.0	16.0	26.0	26.0	32.0	24.0	42.0	16.0	68.0	63.0	12.0	112.0	8.0	1.0	11.0	3.0	30.0	12.0	14.0	29.0	11.0	14.0	9.0	9.0	11.0	15.0	119.0	8.0	22.0	122.0	13.0	6.0	18.0	27.0	72.0	169.0	18.0	49.0	18.0	85.0	22.0	1326.0	121551.0
S134_R2	19095.0	34.0	18.0	19.0	36.0	55.0	19.0	21.0	8.0	53.0	29.0	8.0	96.0	7.0	2.0	10.0	2.0	22.0	10.0	14.0	19.0	7.0	13.0	9.0	9.0	9.0	14.0	25.0	8.0	20.0	29.0	11.0	6.0	11.0	22.0	20.0	153.0	15.0	17.0	12.0	65.0	19.0	1747.0	120129.0
S135_R1	2148.0	4.0	6.0	5.0	11.0	9.0	4.0	4.0	6.0	35.0	42.0	9.0	35.0	13.0	6.0	5.0	6.0	19.0	17.0	12.0	13.0	8.0	10.0	10.0	16.0	20.0	24.0	61.0	10.0	19.0	58.0	15.0	14.0	13.0	97.0	40.0	33.0	12.0	37.0	18.0	28.0	25.0	892.0	299298.0
S135_R2	2351.0	5.0	5.0	6.0	15.0	13.0	6.0	2.0	6.0	35.0	45.0	7.0	37.0	12.0	8.0	6.0	10.0	20.0	20.0	11.0	11.0	8.0	9.0	11.0	18.0	22.0	25.0	22.0	10.0	19.0	24.0	15.0	12.0	15.0	95.0	24.0	33.0	13.0	20.0	16.0	27.0	18.0	1614.0	298466.0
S136_R1	1541.0	4.0	1.0	5.0	8.0	7.0	12.0	10.0	11.0	54.0	31.0	9.0	54.0	13.0	5.0	11.0	7.0	28.0	10.0	4.0	15.0	6.0	19.0	22.0	12.0	19.0	14.0	74.0	17.0	24.0	68.0	11.0	8.0	8.0	26.0	71.0	127.0	13.0	49.0	13.0	18.0	16.0	979.0	126419.0
S136_R2	1977.0	9.0	2.0	9.0	9.0	8.0	10.0	9.0	10.0	46.0	31.0	10.0	47.0	11.0	7.0	12.0	8.0	16.0	11.0	5.0	18.0	7.0	24.0	18.0	14.0	18.0	19.0	19.0	20.0	22.0	11.0	9.0	11.0	11.0	20.0	24.0	123.0	13.0	31.0	7.0	11.0	14.0	1463.0	125699.0
S138_R1	5451.0	13.0	7.0	18.0	28.0	11.0	9.0	8.0	11.0	38.0	22.0	6.0	71.0	12.0	7.0	10.0	7.0	13.0	9.0	9.0	15.0	11.0	16.0	16.0	7.0	24.0	9.0	43.0	14.0	12.0	59.0	10.0	8.0	8.0	59.0	30.0	16.0	8.0	25.0	11.0	21.0	8.0	507.0	103795.0
S138_R2	5922.0	17.0	8.0	20.0	34.0	15.0	11.0	10.0	12.0	40.0	18.0	5.0	58.0	15.0	9.0	9.0	8.0	9.0	8.0	9.0	13.0	10.0	14.0	16.0	6.0	22.0	10.0	10.0	13.0	9.0	10.0	9.0	4.0	6.0	46.0	12.0	11.0	6.0	12.0	4.0	12.0	6.0	1459.0	102535.0
S139_R1	4105.0	9.0	5.0	12.0	34.0	12.0	18.0	43.0	9.0	15.0	22.0	6.0	13.0	2.0	5.0	4.0	5.0	8.0	10.0	2.0	5.0	6.0	8.0	7.0	8.0	12.0	9.0	12.0	15.0	4.0	20.0	6.0	11.0	20.0	78.0	14.0	15.0	9.0	14.0	5.0	12.0	8.0	791.0	355980.0
S139_R2	4578.0	12.0	6.0	12.0	42.0	19.0	7.0	15.0	4.0	13.0	11.0	5.0	12.0	1.0	3.0	3.0	5.0	6.0	11.0	3.0	6.0	7.0	8.0	7.0	8.0	12.0	10.0	9.0	14.0	5.0	13.0	5.0	9.0	24.0	77.0	12.0	16.0	6.0	11.0	8.0	12.0	5.0	2284.0	354072.0
S13_R1	879.0	3.0	8.0	15.0	233.0	3.0	6.0	6.0	6.0	24.0	13.0	4.0	52.0	2.0	2.0	4.0	5.0	5.0	5.0	8.0	4.0	7.0	4.0	2.0	3.0	2.0	5.0	40.0	4.0	6.0	40.0	2.0	3.0	4.0	7.0	16.0	12.0	5.0	16.0	1.0	15.0	9.0	536.0	244401.0
S13_R2	925.0	5.0	8.0	15.0	254.0	5.0	6.0	7.0	8.0	22.0	16.0	5.0	47.0	5.0	0.0	4.0	5.0	5.0	4.0	7.0	4.0	7.0	3.0	2.0	4.0	3.0	3.0	13.0	3.0	6.0	5.0	2.0	2.0	3.0	6.0	3.0	10.0	2.0	2.0	2.0	10.0	4.0	8113.0	236862.0
S140_R1	4767.0	11.0	5.0	13.0	9.0	9.0	8.0	5.0	7.0	49.0	40.0	10.0	70.0	13.0	10.0	6.0	7.0	31.0	5.0	10.0	16.0	10.0	17.0	23.0	18.0	14.0	24.0	67.0	22.0	25.0	64.0	16.0	20.0	17.0	20.0	52.0	42.0	20.0	45.0	20.0	24.0	18.0	553.0	26847.0
S140_R2	5120.0	13.0	5.0	12.0	11.0	14.0	12.0	9.0	7.0	45.0	31.0	8.0	65.0	12.0	9.0	7.0	7.0	29.0	3.0	11.0	13.0	8.0	17.0	22.0	17.0	14.0	20.0	24.0	20.0	21.0	11.0	12.0	20.0	17.0	20.0	15.0	33.0	13.0	16.0	14.0	12.0	11.0	438.0	26841.0
S141_R1	5031.0	19.0	8.0	14.0	65.0	11.0	11.0	7.0	7.0	53.0	22.0	10.0	42.0	8.0	5.0	3.0	11.0	20.0	11.0	5.0	9.0	5.0	14.0	6.0	8.0	31.0	13.0	47.0	5.0	12.0	43.0	9.0	13.0	10.0	28.0	29.0	8.0	10.0	21.0	8.0	23.0	21.0	557.0	155372.0
S141_R2	5452.0	20.0	10.0	23.0	65.0	15.0	10.0	10.0	8.0	44.0	21.0	10.0	36.0	8.0	6.0	3.0	13.0	16.0	10.0	4.0	9.0	5.0	14.0	6.0	8.0	29.0	13.0	14.0	7.0	11.0	10.0	9.0	10.0	7.0	22.0	14.0	3.0	5.0	7.0	4.0	14.0	8.0	3520.0	152132.0
S142_R1	1349.0	4.0	0.0	2.0	4.0	2.0	5.0	4.0	8.0	26.0	15.0	4.0	28.0	10.0	6.0	5.0	4.0	9.0	6.0	2.0	6.0	4.0	9.0	4.0	5.0	7.0	15.0	38.0	15.0	11.0	57.0	4.0	10.0	11.0	19.0	38.0	36.0	5.0	29.0	4.0	29.0	10.0	455.0	43610.0
S142_R2	1553.0	6.0	1.0	3.0	6.0	4.0	4.0	2.0	8.0	26.0	13.0	6.0	22.0	8.0	6.0	6.0	5.0	5.0	4.0	1.0	4.0	4.0	12.0	6.0	6.0	5.0	14.0	12.0	14.0	12.0	8.0	4.0	8.0	10.0	20.0	14.0	35.0	1.0	14.0	3.0	23.0	6.0	905.0	43095.0
S144_R1	4370.0	23.0	10.0	18.0	39.0	26.0	36.0	22.0	8.0	18.0	10.0	10.0	16.0	7.0	4.0	5.0	2.0	6.0	3.0	10.0	11.0	12.0	9.0	6.0	6.0	33.0	10.0	36.0	14.0	17.0	38.0	11.0	5.0	9.0	19.0	30.0	29.0	13.0	25.0	18.0	45.0	26.0	966.0	366403.0
S144_R2	4996.0	25.0	8.0	6.0	42.0	23.0	20.0	19.0	6.0	12.0	7.0	10.0	13.0	10.0	4.0	4.0	2.0	7.0	2.0	10.0	11.0	11.0	8.0	7.0	6.0	33.0	11.0	22.0	18.0	13.0	24.0	9.0	8.0	9.0	17.0	22.0	30.0	10.0	19.0	18.0	45.0	18.0	2578.0	364261.0
S145_R1	3048.0	7.0	7.0	17.0	20.0	11.0	24.0	14.0	4.0	25.0	14.0	4.0	22.0	6.0	6.0	5.0	1.0	6.0	6.0	8.0	10.0	3.0	6.0	6.0	1.0	12.0	12.0	48.0	14.0	15.0	37.0	9.0	10.0	6.0	42.0	33.0	42.0	8.0	27.0	11.0	17.0	13.0	922.0	101869.0
S145_R2	3912.0	9.0	10.0	15.0	27.0	20.0	14.0	6.0	1.0	16.0	12.0	5.0	23.0	7.0	5.0	6.0	5.0	5.0	3.0	9.0	7.0	3.0	7.0	7.0	4.0	12.0	15.0	17.0	13.0	13.0	14.0	7.0	11.0	4.0	36.0	15.0	41.0	5.0	14.0	5.0	12.0	13.0	2369.0	99674.0
S14_R1	2269.0	51.0	27.0	18.0	17.0	22.0	13.0	25.0	27.0	575.0	322.0	25.0	1110.0	38.0	26.0	21.0	21.0	169.0	46.0	44.0	116.0	21.0	36.0	62.0	19.0	39.0	45.0	820.0	83.0	27.0	1077.0	16.0	21.0	30.0	22.0	417.0	266.0	44.0	352.0	24.0	44.0	24.0	2892.0	203654.0
S14_R2	2461.0	58.0	28.0	22.0	17.0	27.0	16.0	23.0	27.0	531.0	298.0	22.0	969.0	34.0	25.0	26.0	17.0	114.0	42.0	49.0	86.0	22.0	33.0	62.0	16.0	42.0	43.0	125.0	48.0	20.0	89.0	18.0	17.0	27.0	20.0	110.0	242.0	28.0	58.0	11.0	29.0	22.0	1715.0	207328.0
S15_R1	2466.0	34.0	14.0	22.0	12.0	26.0	10.0	16.0	22.0	564.0	382.0	26.0	1148.0	32.0	16.0	17.0	26.0	191.0	26.0	33.0	158.0	12.0	27.0	34.0	28.0	28.0	38.0	778.0	48.0	22.0	953.0	17.0	15.0	14.0	31.0	403.0	355.0	25.0	336.0	25.0	78.0	16.0	2548.0	196119.0
S15_R2	2636.0	31.0	13.0	22.0	11.0	29.0	12.0	17.0	26.0	491.0	341.0	23.0	961.0	28.0	15.0	14.0	26.0	133.0	28.0	37.0	117.0	12.0	31.0	29.0	29.0	32.0	40.0	111.0	20.0	16.0	94.0	12.0	14.0	11.0	24.0	72.0	326.0	19.0	37.0	11.0	64.0	7.0	2761.0	198408.0
S16_R1	2401.0	10.0	6.0	4.0	7.0	5.0	4.0	7.0	4.0	52.0	19.0	3.0	79.0	3.0	2.0	3.0	3.0	18.0	5.0	7.0	14.0	8.0	9.0	6.0	18.0	11.0	10.0	62.0	10.0	5.0	63.0	3.0	3.0	4.0	16.0	26.0	29.0	8.0	28.0	3.0	19.0	8.0	447.0	48499.0
S16_R2	2568.0	9.0	9.0	5.0	12.0	11.0	4.0	6.0	4.0	42.0	18.0	3.0	72.0	3.0	4.0	2.0	3.0	11.0	4.0	6.0	12.0	9.0	9.0	7.0	16.0	8.0	11.0	12.0	6.0	4.0	7.0	3.0	4.0	1.0	14.0	8.0	28.0	5.0	8.0	2.0	19.0	7.0	839.0	48116.0
S17_R1	383.0	12.0	8.0	2.0	84.0	5.0	7.0	9.0	12.0	173.0	96.0	13.0	336.0	15.0	8.0	12.0	7.0	71.0	8.0	14.0	57.0	8.0	12.0	21.0	9.0	17.0	19.0	293.0	16.0	15.0	382.0	6.0	7.0	7.0	20.0	142.0	232.0	11.0	148.0	23.0	28.0	5.0	1416.0	222658.0
S17_R2	400.0	13.0	12.0	3.0	87.0	5.0	8.0	9.0	13.0	152.0	85.0	13.0	305.0	14.0	9.0	10.0	6.0	43.0	6.0	13.0	42.0	7.0	7.0	20.0	11.0	13.0	12.0	47.0	8.0	11.0	38.0	5.0	6.0	9.0	12.0	29.0	200.0	8.0	19.0	9.0	25.0	7.0	5716.0	219360.0
S18_R1	5324.0	33.0	29.0	38.0	35.0	26.0	29.0	24.0	52.0	294.0	162.0	29.0	438.0	57.0	42.0	46.0	30.0	104.0	43.0	44.0	91.0	41.0	104.0	75.0	57.0	55.0	64.0	337.0	73.0	76.0	360.0	40.0	38.0	48.0	63.0	220.0	127.0	35.0	194.0	41.0	76.0	80.0	1754.0	59781.0
S18_R2	5554.0	34.0	34.0	40.0	40.0	31.0	28.0	29.0	49.0	270.0	150.0	31.0	356.0	53.0	36.0	44.0	29.0	89.0	42.0	38.0	59.0	37.0	106.0	67.0	59.0	49.0	59.0	77.0	64.0	68.0	63.0	33.0	29.0	39.0	54.0	81.0	89.0	20.0	58.0	18.0	40.0	43.0	1254.0	61266.0
S19_R1	4183.0	7.0	7.0	19.0	173.0	5.0	10.0	12.0	7.0	34.0	13.0	6.0	43.0	10.0	4.0	5.0	2.0	8.0	10.0	7.0	8.0	7.0	13.0	8.0	2.0	13.0	8.0	26.0	11.0	9.0	34.0	6.0	4.0	8.0	38.0	25.0	17.0	9.0	15.0	5.0	34.0	9.0	545.0	185186.0
S19_R2	4476.0	8.0	8.0	19.0	188.0	5.0	9.0	12.0	5.0	36.0	12.0	7.0	36.0	8.0	5.0	5.0	2.0	8.0	5.0	7.0	7.0	6.0	14.0	8.0	2.0	12.0	5.0	13.0	7.0	9.0	10.0	5.0	4.0	5.0	32.0	8.0	15.0	8.0	10.0	3.0	18.0	11.0	5054.0	180478.0
S1_R1	6757.0	32.0	30.0	28.0	29.0	43.0	35.0	35.0	38.0	275.0	142.0	33.0	400.0	38.0	33.0	32.0	29.0	113.0	45.0	27.0	80.0	26.0	69.0	63.0	43.0	56.0	59.0	345.0	80.0	72.0	356.0	52.0	44.0	37.0	81.0	271.0	228.0	48.0	172.0	42.0	58.0	63.0	2166.0	95789.0
S1_R2	7237.0	41.0	32.0	30.0	32.0	46.0	35.0	35.0	39.0	252.0	128.0	33.0	351.0	36.0	34.0	27.0	34.0	85.0	45.0	29.0	60.0	31.0	72.0	56.0	37.0	52.0	49.0	87.0	56.0	66.0	56.0	39.0	41.0	28.0	63.0	88.0	174.0	28.0	49.0	25.0	37.0	36.0	1771.0	96912.0
S20_R1	1763.0	12.0	11.0	8.0	8.0	10.0	5.0	7.0	6.0	173.0	94.0	12.0	267.0	9.0	8.0	7.0	10.0	52.0	8.0	9.0	43.0	6.0	23.0	26.0	11.0	14.0	19.0	294.0	29.0	19.0	324.0	16.0	10.0	15.0	16.0	150.0	169.0	19.0	111.0	13.0	22.0	21.0	1383.0	73301.0
S20_R2	1928.0	17.0	12.0	7.0	10.0	11.0	8.0	9.0	9.0	163.0	79.0	12.0	218.0	7.0	10.0	8.0	9.0	34.0	10.0	11.0	26.0	9.0	22.0	22.0	9.0	17.0	14.0	49.0	18.0	16.0	20.0	11.0	7.0	12.0	14.0	19.0	144.0	10.0	21.0	8.0	15.0	12.0	1200.0	74266.0
S21_R1	175.0	1.0	2.0	1.0	0.0	0.0	0.0	1.0	1.0	9.0	2.0	0.0	11.0	0.0	2.0	2.0	2.0	2.0	1.0	1.0	3.0	4.0	2.0	5.0	5.0	3.0	2.0	6.0	2.0	3.0	7.0	3.0	3.0	4.0	5.0	6.0	8.0	3.0	3.0	1.0	8.0	3.0	117.0	13736.0
S21_R2	187.0	1.0	1.0	1.0	0.0	2.0	0.0	0.0	1.0	8.0	1.0	0.0	6.0	0.0	2.0	1.0	2.0	1.0	1.0	0.0	3.0	3.0	2.0	5.0	5.0	2.0	2.0	2.0	1.0	2.0	2.0	1.0	3.0	4.0	2.0	1.0	4.0	2.0	0.0	2.0	7.0	3.0	224.0	13658.0
S22_R1	6653.0	32.0	14.0	25.0	15.0	14.0	14.0	17.0	25.0	431.0	241.0	14.0	731.0	20.0	21.0	23.0	14.0	164.0	24.0	25.0	101.0	13.0	37.0	37.0	29.0	37.0	43.0	662.0	57.0	39.0	758.0	33.0	34.0	36.0	45.0	432.0	581.0	33.0	322.0	24.0	42.0	35.0	2920.0	68804.0
S22_R2	7204.0	38.0	17.0	26.0	39.0	31.0	13.0	17.0	23.0	385.0	201.0	19.0	586.0	16.0	21.0	22.0	15.0	93.0	29.0	24.0	78.0	15.0	38.0	36.0	34.0	36.0	39.0	75.0	35.0	35.0	73.0	26.0	29.0	27.0	35.0	86.0	502.0	24.0	54.0	17.0	27.0	18.0	3211.0	70302.0
S23_R1	13176.0	38.0	15.0	34.0	55.0	27.0	21.0	47.0	15.0	214.0	147.0	10.0	392.0	18.0	8.0	14.0	9.0	119.0	16.0	15.0	61.0	15.0	39.0	30.0	20.0	24.0	36.0	371.0	52.0	27.0	434.0	21.0	26.0	23.0	36.0	201.0	221.0	16.0	138.0	26.0	36.0	25.0	2150.0	147082.0
S23_R2	14465.0	40.0	12.0	30.0	74.0	120.0	19.0	21.0	16.0	181.0	95.0	10.0	353.0	19.0	9.0	12.0	10.0	83.0	12.0	15.0	40.0	18.0	40.0	25.0	21.0	20.0	34.0	49.0	32.0	23.0	38.0	18.0	21.0	17.0	36.0	53.0	191.0	13.0	37.0	18.0	26.0	19.0	1435.0	147680.0
S24_R1	7243.0	16.0	12.0	15.0	25.0	33.0	31.0	34.0	30.0	123.0	82.0	18.0	221.0	19.0	16.0	24.0	23.0	59.0	24.0	19.0	43.0	23.0	51.0	35.0	24.0	29.0	41.0	247.0	59.0	40.0	208.0	34.0	28.0	28.0	38.0	152.0	43.0	30.0	94.0	26.0	96.0	50.0	1208.0	93753.0
S24_R2	7553.0	18.0	9.0	13.0	25.0	29.0	18.0	24.0	21.0	92.0	59.0	19.0	169.0	18.0	15.0	27.0	26.0	34.0	23.0	16.0	31.0	23.0	52.0	28.0	22.0	28.0	38.0	63.0	38.0	37.0	38.0	22.0	20.0	18.0	29.0	35.0	31.0	21.0	31.0	11.0	68.0	27.0	1055.0	94473.0
S25_R1	5098.0	6.0	2.0	14.0	12.0	7.0	1.0	3.0	7.0	40.0	29.0	3.0	64.0	9.0	5.0	6.0	8.0	18.0	6.0	6.0	14.0	7.0	7.0	12.0	3.0	17.0	14.0	80.0	10.0	19.0	99.0	10.0	10.0	8.0	5.0	51.0	95.0	14.0	43.0	10.0	49.0	16.0	1000.0	147873.0
S25_R2	5595.0	7.0	3.0	11.0	15.0	29.0	5.0	4.0	7.0	41.0	25.0	3.0	54.0	8.0	6.0	7.0	7.0	15.0	6.0	5.0	11.0	7.0	6.0	13.0	4.0	13.0	14.0	8.0	9.0	18.0	21.0	6.0	9.0	5.0	6.0	10.0	86.0	9.0	11.0	6.0	38.0	10.0	2139.0	146498.0
S27_R1	2788.0	12.0	9.0	13.0	6.0	8.0	13.0	8.0	16.0	145.0	89.0	7.0	303.0	22.0	18.0	12.0	13.0	64.0	20.0	19.0	45.0	13.0	28.0	26.0	15.0	25.0	25.0	243.0	39.0	43.0	259.0	29.0	19.0	20.0	35.0	146.0	61.0	24.0	93.0	25.0	38.0	33.0	1700.0	63139.0
S27_R2	3046.0	16.0	10.0	17.0	12.0	16.0	18.0	10.0	13.0	138.0	71.0	7.0	237.0	19.0	14.0	14.0	11.0	46.0	22.0	22.0	33.0	10.0	25.0	23.0	18.0	21.0	20.0	49.0	24.0	44.0	36.0	24.0	16.0	18.0	27.0	36.0	49.0	16.0	19.0	15.0	25.0	20.0	1160.0	64221.0
S29_R1	3542.0	10.0	5.0	9.0	7.0	8.0	5.0	2.0	7.0	38.0	28.0	5.0	73.0	4.0	6.0	18.0	8.0	18.0	9.0	14.0	23.0	12.0	21.0	20.0	13.0	20.0	19.0	82.0	27.0	18.0	86.0	15.0	16.0	17.0	34.0	49.0	26.0	17.0	41.0	17.0	27.0	28.0	641.0	87141.0
S29_R2	3737.0	11.0	3.0	10.0	10.0	12.0	7.0	2.0	7.0	33.0	23.0	6.0	55.0	4.0	5.0	15.0	7.0	16.0	8.0	14.0	16.0	11.0	21.0	15.0	14.0	18.0	21.0	16.0	19.0	14.0	28.0	9.0	13.0	8.0	31.0	19.0	21.0	9.0	18.0	11.0	13.0	14.0	1126.0	86756.0
S2_R1	807.0	25.0	17.0	11.0	7.0	10.0	13.0	19.0	11.0	805.0	548.0	22.0	2091.0	33.0	20.0	15.0	19.0	308.0	26.0	32.0	335.0	18.0	23.0	56.0	18.0	49.0	50.0	1088.0	90.0	30.0	1477.0	22.0	21.0	18.0	26.0	614.0	701.0	24.0	436.0	13.0	40.0	18.0	2078.0	246662.0
S2_R2	848.0	23.0	17.0	13.0	9.0	16.0	12.0	23.0	14.0	702.0	458.0	22.0	1679.0	31.0	21.0	13.0	19.0	210.0	24.0	31.0	223.0	20.0	21.0	46.0	17.0	38.0	41.0	143.0	37.0	20.0	122.0	11.0	14.0	11.0	17.0	134.0	563.0	12.0	38.0	5.0	28.0	18.0	4300.0	248682.0
S31_R1	414.0	3.0	1.0	1.0	37.0	1.0	2.0	1.0	1.0	8.0	0.0	0.0	10.0	1.0	0.0	1.0	1.0	2.0	3.0	3.0	2.0	1.0	0.0	5.0	0.0	6.0	0.0	13.0	3.0	2.0	8.0	2.0	1.0	1.0	3.0	7.0	2.0	2.0	6.0	0.0	4.0	2.0	235.0	97591.0
S31_R2	459.0	3.0	1.0	1.0	40.0	2.0	3.0	2.0	1.0	11.0	0.0	1.0	9.0	0.0	0.0	1.0	1.0	0.0	3.0	3.0	2.0	1.0	1.0	3.0	0.0	5.0	0.0	1.0	2.0	0.0	1.0	2.0	1.0	1.0	0.0	2.0	1.0	2.0	1.0	0.0	4.0	4.0	2616.0	95195.0
S32_R1	1518.0	11.0	6.0	15.0	5.0	8.0	4.0	12.0	13.0	366.0	181.0	16.0	843.0	24.0	22.0	18.0	18.0	177.0	24.0	27.0	158.0	24.0	35.0	72.0	31.0	61.0	54.0	1200.0	117.0	63.0	1488.0	42.0	34.0	47.0	79.0	679.0	435.0	49.0	511.0	35.0	125.0	42.0	4584.0	147403.0
S32_R2	1598.0	13.0	4.0	15.0	7.0	8.0	5.0	15.0	10.0	302.0	144.0	18.0	699.0	22.0	22.0	19.0	15.0	111.0	24.0	26.0	122.0	25.0	36.0	61.0	27.0	57.0	52.0	161.0	54.0	43.0	146.0	33.0	24.0	44.0	48.0	122.0	349.0	27.0	71.0	20.0	90.0	37.0	2566.0	153384.0
S33_R1	1597.0	6.0	3.0	3.0	4.0	4.0	1.0	3.0	4.0	18.0	11.0	2.0	24.0	3.0	2.0	4.0	6.0	5.0	4.0	10.0	9.0	9.0	6.0	7.0	6.0	7.0	9.0	25.0	13.0	7.0	37.0	4.0	5.0	11.0	11.0	25.0	16.0	9.0	16.0	7.0	10.0	9.0	389.0	28073.0
S33_R2	1724.0	4.0	2.0	2.0	5.0	8.0	3.0	3.0	4.0	14.0	7.0	6.0	23.0	4.0	3.0	4.0	6.0	7.0	5.0	11.0	10.0	9.0	7.0	6.0	9.0	6.0	7.0	5.0	9.0	9.0	8.0	4.0	3.0	8.0	14.0	8.0	12.0	6.0	9.0	7.0	6.0	5.0	372.0	28050.0
S34_R1	1184.0	6.0	5.0	15.0	263.0	4.0	1.0	3.0	2.0	15.0	5.0	3.0	9.0	3.0	4.0	4.0	4.0	3.0	3.0	5.0	3.0	3.0	7.0	5.0	4.0	7.0	2.0	8.0	1.0	2.0	13.0	2.0	7.0	3.0	10.0	8.0	5.0	3.0	8.0	2.0	9.0	7.0	532.0	229660.0
S34_R2	1278.0	5.0	4.0	16.0	295.0	5.0	1.0	3.0	1.0	16.0	5.0	0.0	5.0	3.0	4.0	4.0	3.0	3.0	4.0	6.0	2.0	2.0	5.0	1.0	5.0	6.0	2.0	3.0	1.0	2.0	3.0	1.0	4.0	4.0	6.0	3.0	5.0	3.0	0.0	1.0	7.0	5.0	7646.0	222474.0
S36_R1	692.0	4.0	0.0	7.0	69.0	1.0	2.0	1.0	2.0	4.0	3.0	1.0	8.0	1.0	1.0	0.0	0.0	1.0	0.0	0.0	1.0	3.0	0.0	2.0	5.0	0.0	1.0	0.0	0.0	0.0	5.0	0.0	2.0	0.0	7.0	1.0	1.0	1.0	0.0	0.0	3.0	3.0	281.0	129768.0
S36_R2	747.0	4.0	0.0	4.0	73.0	0.0	4.0	1.0	2.0	6.0	3.0	1.0	5.0	1.0	1.0	0.0	0.0	1.0	1.0	0.0	1.0	2.0	0.0	2.0	4.0	0.0	1.0	0.0	0.0	0.0	1.0	0.0	2.0	0.0	6.0	1.0	1.0	2.0	1.0	0.0	5.0	2.0	3397.0	126599.0
S38_R1	10962.0	55.0	31.0	30.0	28.0	27.0	29.0	26.0	39.0	643.0	284.0	41.0	940.0	53.0	40.0	34.0	19.0	216.0	45.0	45.0	152.0	25.0	53.0	58.0	46.0	60.0	75.0	895.0	75.0	71.0	993.0	41.0	44.0	45.0	64.0	504.0	741.0	65.0	377.0	48.0	133.0	63.0	3854.0	133741.0
S38_R2	11566.0	59.0	30.0	26.0	35.0	38.0	28.0	27.0	46.0	505.0	227.0	46.0	747.0	50.0	40.0	36.0	18.0	132.0	40.0	46.0	108.0	24.0	53.0	57.0	43.0	55.0	70.0	111.0	44.0	62.0	73.0	33.0	37.0	40.0	51.0	94.0	467.0	38.0	59.0	26.0	93.0	38.0	2891.0	137501.0
S39_R1	2883.0	42.0	27.0	13.0	18.0	18.0	8.0	19.0	19.0	532.0	231.0	16.0	927.0	25.0	26.0	23.0	29.0	126.0	27.0	30.0	99.0	16.0	39.0	56.0	22.0	53.0	43.0	630.0	59.0	21.0	798.0	21.0	18.0	14.0	44.0	299.0	255.0	32.0	221.0	21.0	52.0	26.0	2102.0	104629.0
S39_R2	3024.0	42.0	26.0	15.0	20.0	19.0	13.0	17.0	22.0	443.0	199.0	18.0	794.0	25.0	28.0	25.0	28.0	84.0	28.0	30.0	63.0	15.0	44.0	46.0	19.0	46.0	38.0	88.0	27.0	20.0	73.0	23.0	15.0	11.0	26.0	70.0	208.0	17.0	41.0	9.0	37.0	13.0	1787.0	106973.0
S3_R1	1611.0	6.0	2.0	5.0	5.0	4.0	2.0	2.0	4.0	25.0	13.0	4.0	50.0	4.0	1.0	4.0	3.0	13.0	4.0	3.0	9.0	6.0	6.0	5.0	6.0	5.0	9.0	37.0	12.0	7.0	45.0	7.0	5.0	5.0	11.0	21.0	24.0	10.0	16.0	5.0	31.0	5.0	188.0	27456.0
S3_R2	1669.0	4.0	2.0	6.0	8.0	4.0	2.0	2.0	4.0	19.0	10.0	2.0	42.0	4.0	1.0	2.0	3.0	10.0	3.0	2.0	8.0	6.0	9.0	4.0	4.0	5.0	6.0	9.0	10.0	6.0	3.0	6.0	4.0	5.0	9.0	7.0	20.0	6.0	6.0	3.0	31.0	4.0	248.0	27478.0
S40_R1	6082.0	26.0	15.0	20.0	11.0	16.0	15.0	19.0	19.0	121.0	70.0	17.0	142.0	24.0	27.0	18.0	16.0	45.0	25.0	32.0	46.0	24.0	38.0	28.0	32.0	33.0	35.0	165.0	33.0	40.0	172.0	22.0	34.0	26.0	63.0	87.0	109.0	22.0	77.0	27.0	77.0	58.0	940.0	94006.0
S40_R2	6302.0	32.0	14.0	16.0	17.0	22.0	14.0	15.0	21.0	94.0	51.0	16.0	128.0	22.0	26.0	19.0	16.0	31.0	26.0	29.0	35.0	22.0	40.0	31.0	28.0	26.0	35.0	54.0	26.0	34.0	41.0	16.0	21.0	19.0	45.0	24.0	80.0	18.0	24.0	13.0	49.0	34.0	1863.0	93465.0
S41_R1	3236.0	23.0	15.0	16.0	11.0	11.0	17.0	16.0	22.0	161.0	102.0	16.0	266.0	31.0	16.0	21.0	18.0	70.0	38.0	41.0	62.0	27.0	52.0	53.0	33.0	33.0	47.0	331.0	64.0	54.0	306.0	25.0	34.0	27.0	65.0	194.0	92.0	31.0	160.0	31.0	84.0	55.0	1351.0	73419.0
S41_R2	3353.0	26.0	18.0	17.0	14.0	16.0	18.0	18.0	19.0	133.0	83.0	17.0	210.0	34.0	15.0	21.0	16.0	45.0	37.0	46.0	44.0	25.0	51.0	45.0	29.0	30.0	44.0	62.0	36.0	46.0	40.0	16.0	26.0	28.0	39.0	47.0	68.0	16.0	41.0	16.0	52.0	30.0	1218.0	74572.0
S42_R1	217.0	3.0	4.0	12.0	217.0	0.0	3.0	1.0	1.0	9.0	7.0	1.0	13.0	4.0	2.0	1.0	1.0	7.0	3.0	1.0	2.0	2.0	4.0	1.0	1.0	2.0	3.0	14.0	1.0	1.0	14.0	0.0	1.0	1.0	6.0	8.0	0.0	1.0	7.0	1.0	3.0	3.0	251.0	160682.0
S42_R2	250.0	3.0	5.0	10.0	227.0	2.0	3.0	1.0	1.0	10.0	8.0	1.0	11.0	4.0	2.0	0.0	1.0	7.0	4.0	2.0	3.0	2.0	2.0	1.0	1.0	3.0	1.0	2.0	1.0	1.0	1.0	0.0	0.0	1.0	2.0	3.0	0.0	0.0	2.0	2.0	3.0	2.0	6729.0	154202.0
S43_R1	389.0	1.0	3.0	3.0	1.0	0.0	0.0	0.0	1.0	24.0	14.0	2.0	46.0	2.0	2.0	2.0	1.0	8.0	3.0	1.0	4.0	2.0	1.0	3.0	3.0	3.0	1.0	52.0	3.0	1.0	37.0	2.0	1.0	1.0	4.0	29.0	19.0	2.0	10.0	2.0	5.0	2.0	350.0	25670.0
S43_R2	420.0	1.0	4.0	4.0	3.0	3.0	1.0	0.0	1.0	21.0	8.0	1.0	41.0	3.0	1.0	1.0	2.0	8.0	2.0	1.0	1.0	2.0	1.0	4.0	1.0	2.0	3.0	6.0	0.0	2.0	7.0	0.0	1.0	1.0	3.0	4.0	14.0	0.0	4.0	0.0	5.0	1.0	240.0	25882.0
S44_R1	5213.0	43.0	20.0	30.0	21.0	26.0	19.0	30.0	32.0	305.0	164.0	26.0	544.0	35.0	20.0	24.0	15.0	109.0	38.0	39.0	71.0	21.0	56.0	46.0	32.0	48.0	49.0	456.0	57.0	47.0	441.0	31.0	20.0	25.0	42.0	206.0	48.0	38.0	157.0	29.0	71.0	37.0	1404.0	79164.0
S44_R2	5401.0	49.0	20.0	30.0	23.0	37.0	23.0	28.0	29.0	259.0	136.0	26.0	449.0	27.0	21.0	21.0	19.0	76.0	32.0	39.0	53.0	24.0	55.0	41.0	27.0	42.0	39.0	82.0	34.0	42.0	54.0	16.0	17.0	19.0	32.0	45.0	32.0	20.0	30.0	18.0	53.0	19.0	1267.0	80543.0
S46_R1	7295.0	46.0	30.0	31.0	35.0	33.0	27.0	34.0	36.0	232.0	109.0	33.0	329.0	52.0	27.0	36.0	36.0	103.0	40.0	51.0	81.0	30.0	74.0	66.0	49.0	62.0	71.0	369.0	87.0	74.0	338.0	43.0	48.0	61.0	74.0	211.0	165.0	67.0	172.0	72.0	59.0	76.0	1793.0	83640.0
S46_R2	7609.0	43.0	32.0	29.0	42.0	42.0	31.0	31.0	37.0	215.0	93.0	33.0	260.0	48.0	29.0	37.0	35.0	74.0	43.0	57.0	71.0	29.0	69.0	58.0	48.0	55.0	67.0	111.0	59.0	69.0	62.0	34.0	39.0	44.0	53.0	75.0	119.0	51.0	59.0	48.0	45.0	48.0	1750.0	84514.0
S47_R1	2001.0	19.0	11.0	9.0	95.0	6.0	10.0	7.0	8.0	104.0	58.0	14.0	198.0	20.0	9.0	3.0	6.0	38.0	18.0	13.0	26.0	13.0	16.0	9.0	13.0	8.0	12.0	145.0	22.0	8.0	177.0	11.0	4.0	6.0	39.0	68.0	53.0	8.0	58.0	6.0	38.0	16.0	1059.0	183999.0
S47_R2	2169.0	21.0	12.0	11.0	106.0	11.0	11.0	7.0	9.0	107.0	48.0	14.0	180.0	17.0	9.0	5.0	7.0	33.0	16.0	16.0	19.0	13.0	16.0	9.0	9.0	7.0	9.0	31.0	19.0	7.0	31.0	8.0	3.0	3.0	33.0	21.0	47.0	8.0	11.0	5.0	29.0	12.0	3220.0	182082.0
S48_R1	1203.0	6.0	0.0	14.0	4.0	9.0	7.0	7.0	11.0	43.0	27.0	7.0	78.0	9.0	5.0	10.0	4.0	31.0	15.0	13.0	19.0	8.0	36.0	22.0	16.0	10.0	25.0	98.0	26.0	20.0	94.0	16.0	13.0	16.0	20.0	67.0	78.0	12.0	52.0	19.0	33.0	17.0	580.0	28918.0
S48_R2	1259.0	5.0	0.0	13.0	5.0	15.0	8.0	6.0	10.0	43.0	26.0	8.0	71.0	8.0	4.0	10.0	5.0	24.0	12.0	13.0	17.0	8.0	35.0	18.0	16.0	9.0	20.0	22.0	23.0	16.0	25.0	11.0	14.0	12.0	16.0	26.0	67.0	9.0	22.0	16.0	28.0	9.0	399.0	29335.0
S49_R1	1346.0	20.0	11.0	13.0	9.0	15.0	11.0	16.0	19.0	324.0	216.0	14.0	725.0	29.0	22.0	16.0	16.0	127.0	28.0	33.0	105.0	22.0	46.0	52.0	32.0	49.0	43.0	640.0	83.0	38.0	849.0	22.0	22.0	31.0	50.0	305.0	426.0	43.0	321.0	34.0	75.0	30.0	2791.0	112525.0
S49_R2	1444.0	24.0	9.0	13.0	12.0	17.0	12.0	21.0	21.0	297.0	209.0	13.0	639.0	24.0	21.0	22.0	14.0	91.0	26.0	37.0	83.0	25.0	39.0	59.0	29.0	48.0	39.0	106.0	42.0	31.0	97.0	19.0	20.0	28.0	44.0	72.0	289.0	24.0	73.0	21.0	63.0	20.0	2050.0	115357.0
S51_R1	2375.0	35.0	11.0	24.0	15.0	22.0	16.0	17.0	18.0	283.0	119.0	16.0	327.0	33.0	17.0	30.0	13.0	81.0	25.0	23.0	68.0	17.0	43.0	60.0	25.0	31.0	39.0	414.0	59.0	47.0	462.0	28.0	29.0	42.0	43.0	250.0	395.0	40.0	161.0	33.0	83.0	32.0	1796.0	96037.0
S51_R2	2483.0	40.0	11.0	22.0	14.0	23.0	18.0	15.0	19.0	244.0	106.0	18.0	271.0	34.0	19.0	34.0	13.0	61.0	25.0	21.0	57.0	15.0	45.0	48.0	22.0	31.0	35.0	80.0	34.0	43.0	51.0	20.0	27.0	30.0	41.0	57.0	336.0	29.0	29.0	18.0	63.0	25.0	1505.0	97602.0
S52_R1	715.0	6.0	0.0	3.0	3.0	2.0	2.0	0.0	3.0	19.0	9.0	0.0	47.0	2.0	2.0	3.0	3.0	5.0	3.0	1.0	10.0	2.0	4.0	4.0	4.0	1.0	5.0	28.0	6.0	3.0	25.0	2.0	4.0	2.0	0.0	9.0	15.0	2.0	12.0	4.0	18.0	3.0	181.0	15837.0
S52_R2	743.0	6.0	0.0	3.0	3.0	3.0	1.0	1.0	3.0	14.0	6.0	0.0	35.0	3.0	2.0	2.0	3.0	3.0	3.0	1.0	6.0	2.0	4.0	3.0	5.0	1.0	4.0	4.0	2.0	3.0	2.0	1.0	3.0	2.0	1.0	2.0	13.0	2.0	4.0	1.0	15.0	1.0	185.0	15908.0
S54_R1	927.0	6.0	5.0	11.0	211.0	4.0	7.0	4.0	6.0	21.0	13.0	2.0	30.0	7.0	4.0	3.0	0.0	6.0	13.0	6.0	7.0	4.0	1.0	2.0	6.0	14.0	4.0	19.0	7.0	7.0	18.0	3.0	10.0	8.0	69.0	13.0	8.0	6.0	15.0	1.0	10.0	8.0	379.0	191137.0
S54_R2	984.0	10.0	5.0	12.0	229.0	3.0	5.0	3.0	6.0	20.0	9.0	2.0	25.0	6.0	3.0	2.0	0.0	5.0	8.0	7.0	6.0	3.0	1.0	2.0	5.0	17.0	3.0	10.0	4.0	5.0	7.0	1.0	0.0	1.0	56.0	6.0	5.0	2.0	5.0	1.0	6.0	4.0	4228.0	187320.0
S55_R1	3649.0	55.0	25.0	27.0	39.0	25.0	30.0	37.0	55.0	450.0	302.0	51.0	881.0	67.0	46.0	49.0	34.0	147.0	65.0	56.0	161.0	53.0	93.0	88.0	54.0	96.0	91.0	788.0	115.0	107.0	857.0	65.0	63.0	80.0	90.0	410.0	346.0	75.0	334.0	52.0	139.0	90.0	2990.0	169959.0
S55_R2	3786.0	55.0	30.0	28.0	42.0	29.0	29.0	38.0	51.0	406.0	263.0	51.0	751.0	65.0	46.0	49.0	32.0	121.0	59.0	60.0	132.0	52.0	83.0	95.0	53.0	89.0	86.0	162.0	79.0	96.0	119.0	52.0	52.0	58.0	67.0	140.0	287.0	41.0	87.0	32.0	99.0	46.0	3020.0	172268.0
S56_R1	9951.0	38.0	13.0	19.0	30.0	22.0	26.0	32.0	23.0	138.0	77.0	23.0	208.0	27.0	24.0	26.0	27.0	70.0	28.0	31.0	49.0	31.0	68.0	51.0	30.0	62.0	53.0	264.0	55.0	47.0	235.0	39.0	35.0	44.0	57.0	154.0	57.0	42.0	132.0	53.0	70.0	80.0	1602.0	119106.0
S56_R2	10443.0	38.0	12.0	12.0	34.0	37.0	19.0	33.0	21.0	120.0	61.0	22.0	184.0	29.0	24.0	31.0	26.0	38.0	23.0	37.0	47.0	28.0	66.0	47.0	29.0	57.0	48.0	79.0	43.0	36.0	46.0	29.0	32.0	28.0	41.0	49.0	33.0	28.0	40.0	27.0	45.0	43.0	1453.0	119631.0
S57_R1	13132.0	50.0	24.0	26.0	15.0	19.0	27.0	55.0	17.0	243.0	133.0	29.0	391.0	45.0	22.0	30.0	21.0	87.0	35.0	30.0	75.0	29.0	78.0	60.0	36.0	66.0	45.0	339.0	40.0	63.0	350.0	39.0	30.0	31.0	61.0	177.0	322.0	32.0	148.0	25.0	43.0	30.0	1288.0	211630.0
S57_R2	13521.0	55.0	26.0	25.0	30.0	45.0	30.0	51.0	21.0	216.0	126.0	26.0	345.0	44.0	24.0	29.0	22.0	78.0	36.0	33.0	56.0	25.0	77.0	51.0	26.0	61.0	41.0	67.0	28.0	59.0	62.0	28.0	29.0	28.0	48.0	49.0	257.0	18.0	29.0	7.0	28.0	16.0	3084.0	210511.0
S58_R1	688.0	9.0	5.0	5.0	142.0	3.0	0.0	7.0	0.0	43.0	25.0	10.0	54.0	5.0	4.0	6.0	4.0	11.0	5.0	9.0	12.0	11.0	6.0	11.0	2.0	24.0	6.0	55.0	12.0	7.0	55.0	9.0	5.0	6.0	12.0	28.0	14.0	7.0	28.0	5.0	20.0	8.0	362.0	105393.0
S58_R2	763.0	8.0	6.0	6.0	144.0	1.0	0.0	6.0	0.0	34.0	23.0	10.0	50.0	6.0	4.0	5.0	4.0	11.0	2.0	9.0	9.0	10.0	5.0	9.0	3.0	25.0	5.0	11.0	9.0	7.0	11.0	8.0	2.0	4.0	11.0	7.0	13.0	3.0	9.0	4.0	14.0	7.0	3245.0	102610.0
S59_R1	267.0	0.0	1.0	3.0	79.0	3.0	1.0	2.0	0.0	8.0	8.0	2.0	22.0	2.0	3.0	6.0	1.0	4.0	21.0	8.0	3.0	4.0	6.0	5.0	9.0	11.0	3.0	26.0	5.0	4.0	25.0	1.0	11.0	9.0	70.0	16.0	10.0	4.0	11.0	7.0	18.0	7.0	431.0	202468.0
S59_R2	277.0	1.0	1.0	5.0	86.0	4.0	3.0	2.0	1.0	12.0	6.0	2.0	15.0	1.0	3.0	8.0	2.0	4.0	14.0	7.0	3.0	3.0	4.0	6.0	8.0	10.0	3.0	8.0	5.0	3.0	5.0	0.0	4.0	8.0	69.0	10.0	10.0	3.0	3.0	4.0	11.0	8.0	6440.0	196523.0
S5_R1	2920.0	12.0	9.0	15.0	364.0	9.0	7.0	14.0	6.0	32.0	31.0	7.0	59.0	10.0	4.0	6.0	7.0	13.0	8.0	12.0	11.0	7.0	21.0	8.0	7.0	7.0	19.0	52.0	14.0	7.0	50.0	14.0	11.0	8.0	18.0	22.0	8.0	14.0	26.0	6.0	31.0	12.0	315.0	94697.0
S5_R2	3033.0	15.0	7.0	18.0	383.0	9.0	5.0	13.0	8.0	29.0	27.0	7.0	45.0	10.0	4.0	6.0	5.0	9.0	7.0	11.0	8.0	8.0	14.0	7.0	5.0	7.0	14.0	14.0	8.0	7.0	15.0	12.0	13.0	5.0	14.0	12.0	8.0	7.0	13.0	2.0	22.0	10.0	4380.0	90674.0
S60_R1	1561.0	6.0	7.0	10.0	64.0	6.0	4.0	7.0	7.0	38.0	12.0	3.0	47.0	3.0	2.0	6.0	8.0	14.0	5.0	1.0	6.0	7.0	8.0	6.0	13.0	15.0	5.0	41.0	9.0	10.0	42.0	4.0	4.0	8.0	7.0	21.0	26.0	9.0	12.0	7.0	10.0	7.0	407.0	136397.0
S60_R2	1651.0	10.0	8.0	9.0	63.0	3.0	4.0	5.0	7.0	25.0	10.0	3.0	37.0	5.0	2.0	6.0	7.0	12.0	4.0	3.0	8.0	7.0	9.0	4.0	10.0	17.0	7.0	8.0	7.0	9.0	7.0	2.0	3.0	4.0	4.0	5.0	14.0	6.0	3.0	5.0	9.0	6.0	4669.0	132195.0
S61_R1	2307.0	7.0	2.0	10.0	7.0	7.0	7.0	1.0	9.0	24.0	14.0	6.0	34.0	7.0	6.0	3.0	4.0	9.0	6.0	11.0	13.0	8.0	13.0	14.0	9.0	15.0	10.0	40.0	13.0	16.0	44.0	10.0	8.0	14.0	33.0	21.0	24.0	0.0	30.0	14.0	20.0	16.0	457.0	169435.0
S61_R2	2447.0	7.0	2.0	10.0	6.0	6.0	4.0	1.0	8.0	22.0	10.0	7.0	31.0	8.0	7.0	3.0	3.0	11.0	7.0	10.0	12.0	9.0	14.0	17.0	6.0	18.0	9.0	15.0	12.0	12.0	14.0	7.0	5.0	12.0	29.0	5.0	19.0	3.0	11.0	5.0	17.0	11.0	5492.0	164394.0
S62_R1	2713.0	17.0	9.0	6.0	47.0	7.0	16.0	11.0	13.0	82.0	62.0	16.0	121.0	22.0	13.0	22.0	8.0	34.0	23.0	19.0	34.0	23.0	46.0	26.0	24.0	34.0	29.0	178.0	52.0	36.0	142.0	29.0	17.0	24.0	50.0	93.0	44.0	34.0	78.0	36.0	86.0	39.0	1374.0	222969.0
S62_R2	2851.0	18.0	8.0	5.0	53.0	9.0	13.0	8.0	16.0	71.0	55.0	17.0	102.0	24.0	13.0	19.0	12.0	24.0	25.0	20.0	25.0	21.0	46.0	24.0	25.0	34.0	25.0	47.0	43.0	35.0	32.0	25.0	18.0	20.0	44.0	35.0	37.0	26.0	37.0	21.0	67.0	25.0	6578.0	218105.0
S63_R1	19220.0	34.0	17.0	18.0	45.0	19.0	28.0	32.0	24.0	87.0	51.0	20.0	83.0	24.0	18.0	20.0	5.0	21.0	22.0	17.0	23.0	18.0	22.0	18.0	9.0	20.0	26.0	67.0	24.0	28.0	45.0	22.0	16.0	9.0	27.0	39.0	29.0	20.0	40.0	29.0	79.0	22.0	727.0	110533.0
S63_R2	20143.0	34.0	19.0	20.0	53.0	16.0	27.0	16.0	23.0	76.0	46.0	20.0	78.0	22.0	21.0	21.0	8.0	18.0	19.0	17.0	20.0	19.0	24.0	17.0	11.0	16.0	25.0	25.0	27.0	28.0	10.0	16.0	14.0	9.0	22.0	22.0	22.0	17.0	20.0	21.0	66.0	15.0	1371.0	109163.0
S64_R1	9217.0	21.0	22.0	34.0	73.0	18.0	20.0	26.0	5.0	35.0	26.0	9.0	49.0	7.0	0.0	5.0	3.0	9.0	4.0	6.0	7.0	4.0	5.0	12.0	8.0	9.0	9.0	29.0	4.0	9.0	35.0	7.0	10.0	3.0	9.0	13.0	8.0	10.0	21.0	12.0	26.0	13.0	609.0	140722.0
S64_R2	10263.0	19.0	21.0	33.0	119.0	79.0	18.0	20.0	2.0	30.0	17.0	9.0	52.0	7.0	0.0	5.0	3.0	8.0	5.0	5.0	7.0	4.0	9.0	12.0	7.0	11.0	9.0	13.0	4.0	10.0	16.0	6.0	9.0	3.0	8.0	6.0	7.0	10.0	17.0	12.0	26.0	13.0	889.0	139360.0
S65_R1	4704.0	17.0	10.0	14.0	47.0	18.0	52.0	102.0	29.0	24.0	33.0	6.0	24.0	10.0	6.0	9.0	16.0	12.0	16.0	8.0	7.0	8.0	14.0	17.0	18.0	11.0	26.0	37.0	20.0	18.0	43.0	25.0	19.0	15.0	21.0	29.0	25.0	22.0	43.0	17.0	90.0	33.0	726.0	221852.0
S65_R2	5124.0	18.0	10.0	10.0	50.0	20.0	26.0	22.0	7.0	19.0	4.0	3.0	20.0	11.0	6.0	9.0	17.0	10.0	18.0	8.0	11.0	7.0	14.0	19.0	21.0	13.0	22.0	20.0	23.0	19.0	20.0	21.0	20.0	13.0	20.0	23.0	28.0	22.0	35.0	14.0	92.0	33.0	2758.0	219613.0
S66_R1	19447.0	29.0	36.0	90.0	71.0	74.0	41.0	49.0	33.0	295.0	446.0	13.0	2944.0	25.0	7.0	2.0	5.0	19.0	34.0	4.0	10.0	7.0	11.0	14.0	8.0	10.0	15.0	81.0	11.0	15.0	530.0	9.0	6.0	3.0	22.0	47.0	15.0	10.0	28.0	7.0	10.0	19.0	848.0	81451.0
S66_R2	20685.0	23.0	31.0	70.0	117.0	173.0	47.0	29.0	14.0	291.0	430.0	9.0	2876.0	23.0	6.0	2.0	3.0	16.0	31.0	3.0	9.0	4.0	13.0	13.0	10.0	10.0	15.0	39.0	7.0	13.0	177.0	8.0	6.0	2.0	21.0	19.0	14.0	8.0	11.0	5.0	9.0	20.0	734.0	80805.0
S67_R1	8422.0	42.0	24.0	22.0	35.0	28.0	16.0	27.0	38.0	232.0	124.0	18.0	332.0	41.0	27.0	32.0	32.0	103.0	37.0	42.0	80.0	22.0	69.0	51.0	34.0	51.0	61.0	381.0	71.0	62.0	429.0	37.0	40.0	52.0	70.0	232.0	206.0	30.0	216.0	51.0	77.0	62.0	2427.0	233238.0
S67_R2	8958.0	48.0	20.0	25.0	65.0	62.0	15.0	25.0	38.0	224.0	115.0	17.0	310.0	45.0	30.0	36.0	33.0	94.0	42.0	45.0	78.0	25.0	72.0	54.0	38.0	48.0	67.0	146.0	57.0	59.0	119.0	37.0	44.0	57.0	65.0	119.0	207.0	30.0	119.0	48.0	72.0	61.0	1626.0	234228.0
S68_R1	1312.0	7.0	5.0	7.0	8.0	4.0	8.0	10.0	10.0	38.0	26.0	11.0	47.0	6.0	3.0	3.0	6.0	8.0	6.0	19.0	15.0	4.0	8.0	6.0	7.0	4.0	4.0	27.0	9.0	2.0	25.0	4.0	3.0	4.0	63.0	18.0	11.0	2.0	16.0	7.0	8.0	9.0	245.0	68165.0
S68_R2	1363.0	7.0	4.0	10.0	12.0	4.0	7.0	11.0	9.0	42.0	28.0	13.0	45.0	7.0	3.0	4.0	4.0	6.0	4.0	21.0	15.0	4.0	7.0	6.0	5.0	5.0	4.0	14.0	9.0	3.0	6.0	4.0	2.0	4.0	57.0	9.0	12.0	2.0	11.0	6.0	8.0	7.0	305.0	68101.0
S69_R1	4197.0	12.0	12.0	15.0	27.0	14.0	17.0	24.0	22.0	46.0	22.0	17.0	56.0	21.0	19.0	9.0	7.0	19.0	22.0	15.0	23.0	35.0	22.0	20.0	16.0	53.0	22.0	58.0	32.0	35.0	88.0	21.0	16.0	19.0	25.0	46.0	29.0	24.0	48.0	32.0	20.0	31.0	683.0	191015.0
S69_R2	4430.0	11.0	14.0	14.0	30.0	18.0	17.0	20.0	17.0	46.0	19.0	20.0	53.0	19.0	21.0	12.0	9.0	18.0	21.0	16.0	19.0	34.0	21.0	17.0	17.0	46.0	21.0	27.0	27.0	32.0	44.0	18.0	14.0	14.0	26.0	26.0	29.0	20.0	21.0	30.0	14.0	30.0	1526.0	190108.0
S6_R1	319.0	4.0	0.0	2.0	68.0	0.0	1.0	4.0	2.0	8.0	3.0	1.0	10.0	1.0	0.0	0.0	0.0	5.0	6.0	7.0	1.0	1.0	2.0	1.0	7.0	2.0	2.0	3.0	1.0	1.0	7.0	1.0	6.0	2.0	36.0	7.0	13.0	4.0	6.0	1.0	10.0	2.0	416.0	210541.0
S6_R2	354.0	5.0	0.0	2.0	78.0	0.0	1.0	4.0	2.0	6.0	3.0	1.0	9.0	2.0	0.0	0.0	0.0	4.0	6.0	7.0	2.0	1.0	2.0	1.0	7.0	1.0	1.0	1.0	0.0	1.0	0.0	1.0	3.0	2.0	23.0	4.0	13.0	2.0	2.0	1.0	4.0	3.0	4787.0	206168.0
S70_R1	11394.0	29.0	23.0	31.0	19.0	23.0	24.0	33.0	18.0	85.0	56.0	15.0	145.0	18.0	11.0	21.0	7.0	56.0	22.0	32.0	45.0	27.0	41.0	42.0	29.0	53.0	44.0	188.0	45.0	48.0	223.0	32.0	32.0	39.0	39.0	107.0	52.0	38.0	117.0	32.0	71.0	67.0	1806.0	233041.0
S70_R2	12193.0	27.0	22.0	32.0	46.0	44.0	21.0	21.0	13.0	80.0	50.0	15.0	144.0	20.0	14.0	22.0	11.0	51.0	23.0	33.0	39.0	22.0	41.0	44.0	30.0	58.0	48.0	110.0	37.0	49.0	80.0	35.0	29.0	40.0	47.0	69.0	55.0	40.0	66.0	31.0	71.0	61.0	1776.0	232560.0
S71_R1	5166.0	11.0	8.0	14.0	29.0	13.0	10.0	11.0	4.0	15.0	8.0	2.0	20.0	3.0	3.0	4.0	2.0	9.0	5.0	9.0	10.0	10.0	11.0	6.0	11.0	21.0	8.0	50.0	10.0	20.0	48.0	12.0	8.0	7.0	45.0	38.0	12.0	13.0	23.0	14.0	24.0	8.0	576.0	160852.0
S71_R2	5484.0	10.0	7.0	11.0	37.0	27.0	6.0	8.0	4.0	19.0	10.0	2.0	26.0	4.0	2.0	2.0	1.0	8.0	5.0	9.0	8.0	7.0	14.0	6.0	12.0	25.0	9.0	21.0	7.0	20.0	19.0	11.0	8.0	8.0	43.0	14.0	13.0	11.0	12.0	11.0	21.0	11.0	1326.0	159864.0
S72_R1	7821.0	38.0	22.0	52.0	49.0	86.0	100.0	105.0	53.0	204.0	141.0	65.0	619.0	69.0	88.0	102.0	93.0	251.0	94.0	147.0	218.0	146.0	154.0	186.0	147.0	170.0	222.0	741.0	219.0	255.0	968.0	205.0	184.0	176.0	248.0	517.0	324.0	169.0	451.0	187.0	191.0	242.0	2273.0	141450.0
S72_R2	8882.0	35.0	23.0	42.0	43.0	72.0	66.0	66.0	42.0	188.0	134.0	62.0	601.0	74.0	92.0	112.0	89.0	240.0	99.0	154.0	207.0	151.0	163.0	197.0	141.0	171.0	233.0	394.0	198.0	254.0	424.0	186.0	188.0	174.0	250.0	357.0	335.0	177.0	267.0	172.0	172.0	216.0	2036.0	142063.0
S73_R1	3889.0	5.0	3.0	6.0	26.0	14.0	15.0	7.0	6.0	9.0	5.0	7.0	21.0	5.0	9.0	8.0	6.0	12.0	11.0	13.0	6.0	9.0	11.0	16.0	4.0	14.0	16.0	20.0	11.0	14.0	18.0	12.0	11.0	18.0	32.0	31.0	16.0	26.0	16.0	11.0	13.0	25.0	280.0	85841.0
S73_R2	4172.0	4.0	3.0	5.0	23.0	12.0	12.0	8.0	6.0	9.0	5.0	5.0	17.0	5.0	10.0	9.0	6.0	10.0	9.0	13.0	5.0	9.0	13.0	16.0	5.0	13.0	16.0	13.0	9.0	15.0	16.0	10.0	11.0	18.0	35.0	26.0	18.0	24.0	11.0	12.0	12.0	23.0	609.0	85266.0
S74_R1	22958.0	42.0	33.0	39.0	53.0	32.0	31.0	17.0	21.0	83.0	62.0	15.0	135.0	16.0	12.0	9.0	22.0	53.0	23.0	17.0	26.0	13.0	30.0	27.0	13.0	35.0	15.0	109.0	22.0	23.0	129.0	24.0	16.0	31.0	30.0	59.0	71.0	28.0	50.0	26.0	38.0	27.0	1325.0	130338.0
S74_R2	24751.0	44.0	28.0	39.0	91.0	82.0	26.0	14.0	20.0	84.0	64.0	17.0	138.0	17.0	15.0	11.0	21.0	47.0	20.0	18.0	26.0	18.0	30.0	27.0	19.0	34.0	16.0	44.0	21.0	27.0	40.0	21.0	16.0	29.0	24.0	40.0	65.0	28.0	31.0	24.0	33.0	20.0	1037.0	128961.0
S75_R1	11345.0	27.0	13.0	35.0	35.0	49.0	20.0	28.0	14.0	65.0	33.0	9.0	101.0	11.0	13.0	18.0	13.0	45.0	23.0	19.0	31.0	13.0	26.0	30.0	27.0	33.0	28.0	125.0	26.0	47.0	175.0	26.0	29.0	30.0	52.0	119.0	256.0	35.0	113.0	39.0	143.0	48.0	1849.0	192048.0
S75_R2	12131.0	24.0	12.0	28.0	74.0	78.0	18.0	17.0	7.0	70.0	27.0	7.0	94.0	11.0	14.0	20.0	16.0	39.0	20.0	21.0	30.0	10.0	26.0	32.0	26.0	36.0	31.0	54.0	29.0	50.0	61.0	28.0	32.0	30.0	47.0	62.0	248.0	35.0	68.0	39.0	141.0	44.0	1299.0	192078.0
S76_R1	8599.0	16.0	17.0	57.0	29.0	30.0	30.0	21.0	10.0	31.0	18.0	2.0	31.0	6.0	4.0	7.0	6.0	18.0	6.0	5.0	7.0	2.0	8.0	12.0	10.0	6.0	12.0	26.0	11.0	7.0	30.0	5.0	7.0	12.0	11.0	26.0	29.0	3.0	23.0	5.0	10.0	14.0	460.0	20584.0
S76_R2	9653.0	17.0	12.0	43.0	62.0	89.0	29.0	12.0	11.0	29.0	12.0	3.0	33.0	5.0	4.0	8.0	7.0	15.0	7.0	4.0	5.0	3.0	7.0	12.0	11.0	8.0	14.0	12.0	12.0	9.0	16.0	5.0	6.0	11.0	11.0	18.0	28.0	3.0	20.0	6.0	12.0	12.0	324.0	19643.0
S77_R1	9418.0	26.0	16.0	18.0	27.0	15.0	15.0	13.0	11.0	75.0	62.0	5.0	165.0	9.0	10.0	9.0	9.0	58.0	12.0	11.0	44.0	11.0	6.0	15.0	9.0	23.0	29.0	152.0	31.0	21.0	195.0	17.0	25.0	19.0	31.0	97.0	93.0	16.0	99.0	16.0	41.0	22.0	1200.0	105705.0
S77_R2	9928.0	28.0	14.0	17.0	35.0	29.0	9.0	11.0	11.0	66.0	61.0	7.0	151.0	8.0	10.0	9.0	10.0	48.0	12.0	10.0	40.0	11.0	9.0	15.0	11.0	22.0	29.0	53.0	22.0	16.0	45.0	14.0	21.0	19.0	25.0	34.0	89.0	15.0	39.0	15.0	35.0	21.0	919.0	105908.0
S78_R1	5380.0	22.0	12.0	19.0	37.0	23.0	38.0	23.0	23.0	61.0	24.0	23.0	141.0	29.0	19.0	42.0	27.0	67.0	22.0	31.0	47.0	46.0	49.0	78.0	57.0	63.0	83.0	165.0	74.0	79.0	229.0	71.0	47.0	58.0	71.0	153.0	143.0	52.0	139.0	88.0	76.0	88.0	1214.0	222508.0
S78_R2	5782.0	22.0	11.0	17.0	32.0	20.0	27.0	18.0	22.0	60.0	21.0	19.0	131.0	32.0	24.0	42.0	26.0	60.0	28.0	30.0	44.0	46.0	53.0	76.0	55.0	64.0	71.0	76.0	61.0	83.0	98.0	69.0	44.0	56.0	70.0	100.0	131.0	47.0	70.0	74.0	67.0	77.0	1988.0	221797.0
S79_R1	7892.0	15.0	13.0	26.0	32.0	28.0	25.0	28.0	11.0	10.0	23.0	0.0	8.0	1.0	5.0	1.0	2.0	2.0	1.0	2.0	3.0	4.0	3.0	4.0	1.0	5.0	3.0	9.0	4.0	5.0	13.0	5.0	1.0	1.0	7.0	10.0	9.0	7.0	10.0	4.0	14.0	16.0	584.0	131778.0
S79_R2	9328.0	14.0	10.0	21.0	40.0	59.0	13.0	7.0	3.0	8.0	6.0	0.0	11.0	0.0	6.0	0.0	2.0	0.0	1.0	2.0	2.0	1.0	3.0	5.0	5.0	7.0	3.0	10.0	4.0	4.0	7.0	4.0	0.0	3.0	7.0	6.0	9.0	4.0	8.0	5.0	13.0	8.0	1037.0	129939.0
S7_R1	1105.0	18.0	17.0	2.0	10.0	7.0	8.0	12.0	16.0	349.0	217.0	16.0	721.0	18.0	6.0	8.0	16.0	117.0	8.0	13.0	94.0	11.0	20.0	23.0	16.0	26.0	14.0	485.0	27.0	23.0	569.0	10.0	3.0	7.0	20.0	237.0	238.0	9.0	199.0	17.0	32.0	21.0	1634.0	110632.0
S7_R2	1181.0	19.0	18.0	4.0	12.0	6.0	12.0	12.0	15.0	313.0	179.0	16.0	602.0	18.0	9.0	10.0	16.0	74.0	14.0	10.0	62.0	12.0	18.0	16.0	15.0	23.0	16.0	58.0	21.0	15.0	54.0	8.0	4.0	6.0	19.0	41.0	205.0	6.0	22.0	9.0	26.0	12.0	1875.0	111968.0
S80_R1	46319.0	65.0	40.0	46.0	48.0	49.0	32.0	25.0	8.0	65.0	49.0	12.0	90.0	8.0	7.0	10.0	11.0	22.0	8.0	8.0	7.0	6.0	19.0	11.0	9.0	7.0	13.0	54.0	10.0	13.0	60.0	5.0	9.0	7.0	18.0	33.0	14.0	10.0	28.0	10.0	4.0	14.0	651.0	48466.0
S80_R2	47616.0	55.0	31.0	48.0	81.0	70.0	26.0	23.0	10.0	51.0	47.0	10.0	74.0	8.0	6.0	13.0	10.0	16.0	9.0	6.0	7.0	3.0	18.0	10.0	12.0	7.0	10.0	25.0	10.0	11.0	22.0	5.0	11.0	10.0	14.0	16.0	14.0	9.0	15.0	10.0	6.0	7.0	769.0	47169.0
S81_R1	11384.0	33.0	39.0	44.0	41.0	36.0	61.0	98.0	33.0	130.0	116.0	23.0	152.0	23.0	25.0	28.0	21.0	70.0	34.0	22.0	52.0	24.0	46.0	38.0	39.0	53.0	78.0	192.0	55.0	56.0	198.0	54.0	48.0	45.0	79.0	155.0	168.0	30.0	122.0	45.0	66.0	72.0	1402.0	31113.0
S81_R2	12496.0	36.0	30.0	55.0	99.0	98.0	37.0	28.0	20.0	117.0	69.0	24.0	147.0	24.0	29.0	26.0	24.0	58.0	37.0	27.0	49.0	25.0	42.0	41.0	40.0	53.0	78.0	73.0	55.0	54.0	80.0	54.0	49.0	47.0	77.0	89.0	169.0	26.0	97.0	49.0	63.0	60.0	1083.0	30709.0
S82_R1	11194.0	91.0	25.0	25.0	31.0	18.0	32.0	67.0	13.0	32.0	34.0	3.0	52.0	5.0	2.0	7.0	2.0	22.0	6.0	6.0	13.0	10.0	8.0	7.0	7.0	35.0	11.0	56.0	8.0	7.0	78.0	5.0	0.0	9.0	16.0	48.0	78.0	9.0	31.0	9.0	47.0	16.0	930.0	299620.0
S82_R2	11885.0	98.0	28.0	27.0	42.0	54.0	38.0	60.0	1.0	30.0	26.0	3.0	50.0	6.0	3.0	6.0	2.0	15.0	5.0	6.0	10.0	7.0	8.0	7.0	5.0	36.0	8.0	23.0	4.0	7.0	26.0	5.0	2.0	8.0	11.0	26.0	80.0	7.0	14.0	9.0	44.0	12.0	1742.0	298239.0
S83_R1	4417.0	18.0	15.0	20.0	56.0	10.0	14.0	18.0	14.0	69.0	40.0	20.0	92.0	17.0	14.0	6.0	3.0	28.0	21.0	15.0	21.0	19.0	21.0	15.0	11.0	37.0	22.0	88.0	22.0	29.0	96.0	18.0	16.0	22.0	32.0	46.0	30.0	17.0	52.0	12.0	28.0	21.0	883.0	211053.0
S83_R2	4659.0	19.0	17.0	23.0	57.0	16.0	15.0	14.0	13.0	65.0	35.0	21.0	90.0	19.0	16.0	9.0	4.0	16.0	20.0	16.0	16.0	19.0	22.0	12.0	12.0	37.0	23.0	26.0	17.0	29.0	25.0	16.0	14.0	19.0	19.0	19.0	35.0	14.0	19.0	8.0	15.0	15.0	2715.0	209228.0
S84_R1	8047.0	26.0	14.0	30.0	30.0	47.0	50.0	74.0	19.0	59.0	41.0	8.0	79.0	20.0	26.0	17.0	8.0	32.0	35.0	20.0	26.0	19.0	33.0	34.0	41.0	52.0	50.0	185.0	60.0	55.0	143.0	48.0	35.0	41.0	63.0	140.0	90.0	39.0	103.0	46.0	65.0	52.0	1937.0	258169.0
S84_R2	8789.0	25.0	15.0	22.0	36.0	31.0	28.0	54.0	15.0	50.0	43.0	10.0	86.0	24.0	24.0	19.0	11.0	33.0	34.0	19.0	29.0	24.0	31.0	34.0	41.0	51.0	56.0	105.0	57.0	66.0	58.0	43.0	41.0	40.0	69.0	89.0	83.0	42.0	74.0	46.0	63.0	49.0	1491.0	258158.0
S85_R1	6686.0	39.0	27.0	38.0	107.0	74.0	75.0	107.0	45.0	270.0	232.0	65.0	728.0	84.0	82.0	71.0	68.0	209.0	101.0	93.0	236.0	96.0	120.0	133.0	95.0	167.0	192.0	542.0	162.0	131.0	650.0	84.0	93.0	117.0	156.0	371.0	210.0	93.0	276.0	109.0	140.0	147.0	1706.0	326970.0
S85_R2	7319.0	43.0	32.0	24.0	105.0	75.0	56.0	89.0	47.0	250.0	228.0	62.0	660.0	78.0	80.0	80.0	65.0	201.0	97.0	94.0	201.0	87.0	127.0	126.0	94.0	163.0	198.0	252.0	138.0	126.0	220.0	77.0	91.0	107.0	155.0	208.0	194.0	80.0	143.0	97.0	125.0	122.0	3644.0	325737.0
S86_R1	12541.0	33.0	18.0	19.0	16.0	21.0	20.0	32.0	21.0	63.0	55.0	8.0	100.0	18.0	3.0	11.0	10.0	39.0	16.0	14.0	17.0	18.0	33.0	23.0	14.0	21.0	28.0	114.0	24.0	34.0	130.0	23.0	27.0	24.0	32.0	63.0	106.0	25.0	68.0	26.0	38.0	34.0	907.0	65489.0
S86_R2	13204.0	33.0	18.0	22.0	41.0	43.0	18.0	16.0	14.0	64.0	39.0	9.0	93.0	16.0	3.0	12.0	7.0	35.0	15.0	12.0	14.0	13.0	33.0	19.0	15.0	21.0	33.0	49.0	16.0	30.0	40.0	24.0	27.0	20.0	31.0	30.0	103.0	22.0	42.0	26.0	35.0	30.0	922.0	65067.0
S87_R1	6101.0	36.0	17.0	19.0	24.0	25.0	33.0	60.0	27.0	109.0	54.0	20.0	124.0	27.0	29.0	37.0	28.0	85.0	42.0	40.0	64.0	54.0	80.0	83.0	55.0	64.0	82.0	302.0	56.0	120.0	267.0	65.0	67.0	78.0	90.0	181.0	155.0	70.0	179.0	64.0	117.0	107.0	2314.0	232363.0
S87_R2	6475.0	39.0	17.0	22.0	30.0	20.0	29.0	33.0	20.0	102.0	60.0	18.0	125.0	30.0	34.0	40.0	32.0	68.0	47.0	43.0	62.0	62.0	85.0	81.0	50.0	71.0	87.0	142.0	62.0	119.0	99.0	62.0	65.0	79.0	88.0	110.0	154.0	70.0	128.0	63.0	107.0	98.0	1826.0	232960.0
S89_R1	5115.0	7.0	11.0	18.0	25.0	51.0	57.0	64.0	11.0	42.0	19.0	26.0	51.0	19.0	14.0	19.0	47.0	40.0	31.0	21.0	25.0	29.0	28.0	32.0	36.0	39.0	44.0	77.0	42.0	38.0	61.0	44.0	35.0	35.0	45.0	44.0	41.0	37.0	44.0	41.0	48.0	53.0	695.0	168853.0
S89_R2	6488.0	6.0	7.0	15.0	22.0	31.0	49.0	46.0	9.0	33.0	14.0	17.0	56.0	23.0	14.0	23.0	51.0	24.0	28.0	20.0	26.0	27.0	28.0	32.0	36.0	38.0	40.0	59.0	39.0	42.0	40.0	40.0	34.0	30.0	45.0	34.0	33.0	39.0	30.0	44.0	48.0	49.0	1337.0	167008.0
S8_R1	11954.0	53.0	24.0	32.0	25.0	25.0	18.0	30.0	20.0	230.0	123.0	20.0	344.0	30.0	19.0	37.0	28.0	109.0	29.0	31.0	54.0	31.0	58.0	44.0	27.0	46.0	49.0	368.0	59.0	59.0	388.0	41.0	28.0	30.0	60.0	215.0	135.0	47.0	156.0	36.0	89.0	51.0	1913.0	101789.0
S8_R2	12498.0	59.0	25.0	31.0	38.0	36.0	15.0	30.0	18.0	202.0	101.0	16.0	271.0	28.0	21.0	34.0	26.0	69.0	32.0	34.0	48.0	30.0	59.0	34.0	21.0	43.0	44.0	66.0	42.0	53.0	47.0	26.0	24.0	22.0	52.0	44.0	102.0	35.0	40.0	16.0	62.0	27.0	1443.0	102990.0
S90_R1	7221.0	15.0	15.0	35.0	36.0	35.0	39.0	38.0	14.0	36.0	33.0	5.0	54.0	5.0	14.0	14.0	9.0	31.0	11.0	12.0	23.0	9.0	19.0	22.0	8.0	15.0	16.0	93.0	18.0	30.0	103.0	16.0	26.0	22.0	40.0	77.0	102.0	17.0	58.0	27.0	57.0	30.0	937.0	57276.0
S90_R2	7817.0	16.0	14.0	31.0	44.0	66.0	22.0	17.0	5.0	34.0	20.0	6.0	51.0	7.0	16.0	14.0	9.0	25.0	13.0	15.0	22.0	8.0	17.0	26.0	8.0	16.0	16.0	42.0	17.0	31.0	35.0	13.0	27.0	21.0	38.0	40.0	107.0	17.0	37.0	30.0	56.0	25.0	813.0	57009.0
S91_R1	13461.0	26.0	12.0	27.0	52.0	23.0	17.0	14.0	7.0	20.0	9.0	9.0	14.0	4.0	1.0	4.0	6.0	7.0	1.0	4.0	8.0	2.0	6.0	2.0	4.0	8.0	10.0	41.0	7.0	10.0	25.0	9.0	1.0	3.0	11.0	19.0	14.0	5.0	14.0	3.0	11.0	9.0	683.0	204100.0
S91_R2	14291.0	22.0	10.0	21.0	43.0	57.0	13.0	12.0	9.0	17.0	10.0	6.0	13.0	5.0	1.0	5.0	7.0	6.0	2.0	3.0	7.0	2.0	7.0	3.0	4.0	8.0	8.0	18.0	7.0	12.0	8.0	9.0	2.0	2.0	12.0	6.0	11.0	5.0	8.0	3.0	11.0	10.0	1613.0	202394.0
S92_R1	8810.0	31.0	37.0	76.0	90.0	79.0	87.0	59.0	30.0	63.0	42.0	9.0	88.0	7.0	6.0	12.0	12.0	31.0	14.0	9.0	25.0	6.0	32.0	18.0	14.0	17.0	36.0	147.0	31.0	29.0	105.0	24.0	22.0	24.0	36.0	88.0	85.0	32.0	63.0	35.0	59.0	39.0	1103.0	62669.0
S92_R2	10104.0	27.0	21.0	52.0	100.0	164.0	59.0	21.0	20.0	50.0	37.0	11.0	92.0	9.0	7.0	14.0	10.0	35.0	17.0	12.0	23.0	7.0	35.0	25.0	19.0	18.0	37.0	77.0	32.0	32.0	48.0	24.0	20.0	21.0	40.0	54.0	89.0	36.0	36.0	34.0	59.0	30.0	778.0	61895.0
S93_R1	16733.0	25.0	25.0	25.0	112.0	24.0	26.0	19.0	11.0	55.0	30.0	8.0	46.0	17.0	15.0	8.0	15.0	27.0	11.0	21.0	24.0	15.0	19.0	24.0	21.0	44.0	28.0	59.0	28.0	29.0	68.0	20.0	14.0	24.0	30.0	60.0	49.0	19.0	43.0	23.0	45.0	33.0	976.0	249182.0
S93_R2	17801.0	27.0	26.0	28.0	129.0	29.0	21.0	15.0	12.0	55.0	30.0	4.0	42.0	14.0	16.0	10.0	14.0	25.0	14.0	24.0	26.0	15.0	20.0	26.0	19.0	52.0	29.0	34.0	27.0	34.0	42.0	21.0	14.0	21.0	29.0	42.0	52.0	24.0	32.0	22.0	45.0	33.0	1735.0	247400.0
S94_R1	31145.0	55.0	47.0	70.0	109.0	87.0	102.0	162.0	32.0	29.0	74.0	5.0	14.0	1.0	1.0	4.0	3.0	7.0	8.0	3.0	3.0	2.0	1.0	2.0	3.0	8.0	3.0	10.0	4.0	5.0	20.0	1.0	3.0	7.0	12.0	15.0	13.0	4.0	19.0	6.0	6.0	5.0	476.0	60616.0
S94_R2	33573.0	45.0	36.0	57.0	139.0	113.0	39.0	37.0	10.0	16.0	14.0	4.0	14.0	1.0	0.0	4.0	2.0	4.0	7.0	4.0	2.0	2.0	1.0	1.0	3.0	5.0	3.0	9.0	2.0	6.0	15.0	2.0	4.0	7.0	9.0	4.0	11.0	4.0	15.0	6.0	6.0	5.0	1056.0	57905.0
S95_R1	10382.0	13.0	18.0	19.0	27.0	28.0	19.0	17.0	7.0	16.0	17.0	2.0	18.0	3.0	1.0	3.0	6.0	8.0	6.0	1.0	8.0	2.0	9.0	5.0	4.0	7.0	5.0	24.0	7.0	3.0	17.0	5.0	3.0	11.0	6.0	20.0	17.0	3.0	17.0	7.0	8.0	9.0	318.0	20317.0
S95_R2	11036.0	13.0	15.0	22.0	51.0	75.0	17.0	8.0	7.0	18.0	13.0	2.0	20.0	3.0	1.0	4.0	6.0	8.0	7.0	1.0	8.0	3.0	9.0	6.0	4.0	7.0	6.0	13.0	4.0	4.0	6.0	5.0	3.0	10.0	6.0	8.0	22.0	4.0	8.0	7.0	13.0	8.0	215.0	19737.0
S96_R1	3163.0	9.0	6.0	8.0	68.0	6.0	6.0	6.0	3.0	20.0	12.0	3.0	27.0	4.0	4.0	6.0	2.0	14.0	11.0	5.0	8.0	3.0	11.0	9.0	7.0	11.0	9.0	37.0	6.0	10.0	33.0	6.0	4.0	9.0	10.0	22.0	12.0	9.0	18.0	8.0	31.0	11.0	598.0	223615.0
S96_R2	3360.0	9.0	5.0	8.0	72.0	13.0	3.0	6.0	3.0	16.0	7.0	2.0	21.0	4.0	3.0	5.0	2.0	12.0	10.0	10.0	7.0	3.0	11.0	8.0	5.0	14.0	7.0	16.0	2.0	10.0	18.0	8.0	2.0	9.0	9.0	11.0	8.0	10.0	14.0	8.0	28.0	9.0	1910.0	222182.0
S97_R1	8804.0	34.0	21.0	42.0	45.0	59.0	54.0	66.0	18.0	41.0	40.0	8.0	41.0	4.0	8.0	9.0	10.0	41.0	16.0	16.0	22.0	9.0	23.0	22.0	23.0	25.0	28.0	118.0	23.0	28.0	118.0	25.0	19.0	23.0	31.0	93.0	96.0	36.0	96.0	29.0	106.0	37.0	1960.0	304885.0
S97_R2	9794.0	36.0	15.0	38.0	54.0	66.0	46.0	48.0	10.0	37.0	39.0	5.0	42.0	5.0	9.0	11.0	12.0	39.0	19.0	14.0	23.0	9.0	21.0	18.0	23.0	27.0	31.0	58.0	25.0	29.0	51.0	28.0	23.0	25.0	33.0	48.0	92.0	30.0	62.0	35.0	104.0	40.0	1504.0	304574.0
S98_R1	7084.0	18.0	14.0	27.0	347.0	22.0	22.0	32.0	9.0	44.0	24.0	9.0	59.0	16.0	19.0	21.0	12.0	22.0	37.0	20.0	22.0	18.0	28.0	20.0	21.0	34.0	49.0	84.0	38.0	40.0	77.0	30.0	15.0	23.0	37.0	59.0	39.0	25.0	54.0	27.0	67.0	44.0	1011.0	387014.0
S98_R2	7479.0	19.0	14.0	24.0	368.0	21.0	12.0	21.0	9.0	44.0	24.0	11.0	52.0	20.0	17.0	18.0	10.0	25.0	33.0	25.0	23.0	18.0	28.0	19.0	21.0	38.0	49.0	42.0	38.0	44.0	49.0	26.0	20.0	27.0	38.0	35.0	43.0	25.0	38.0	22.0	67.0	42.0	4144.0	383592.0
S99_R1	3412.0	13.0	6.0	18.0	44.0	19.0	22.0	21.0	7.0	20.0	9.0	5.0	24.0	2.0	6.0	2.0	5.0	7.0	7.0	7.0	1.0	7.0	2.0	7.0	4.0	27.0	8.0	24.0	8.0	14.0	29.0	7.0	6.0	3.0	6.0	20.0	13.0	4.0	18.0	9.0	45.0	12.0	527.0	188632.0
S99_R2	3709.0	11.0	4.0	9.0	46.0	16.0	21.0	7.0	2.0	19.0	6.0	1.0	19.0	2.0	5.0	2.0	4.0	7.0	5.0	7.0	4.0	6.0	2.0	6.0	4.0	26.0	10.0	9.0	5.0	16.0	15.0	7.0	6.0	5.0	7.0	10.0	12.0	5.0	15.0	7.0	47.0	19.0	1332.0	187612.0
S9_R1	920.0	5.0	0.0	3.0	5.0	5.0	4.0	3.0	2.0	15.0	4.0	1.0	24.0	2.0	3.0	3.0	3.0	6.0	2.0	3.0	5.0	5.0	6.0	4.0	4.0	8.0	5.0	24.0	5.0	6.0	14.0	3.0	4.0	2.0	5.0	19.0	6.0	3.0	14.0	6.0	7.0	4.0	449.0	78249.0
S9_R2	1005.0	3.0	0.0	2.0	9.0	8.0	4.0	3.0	3.0	16.0	5.0	1.0	18.0	6.0	4.0	3.0	4.0	4.0	3.0	3.0	5.0	4.0	6.0	5.0	4.0	8.0	3.0	7.0	4.0	5.0	1.0	2.0	3.0	0.0	4.0	4.0	6.0	2.0	5.0	7.0	5.0	3.0	440.0	78233.0
