Sample	2.0	3.0	4.0	5.0	6.0	7.0	8.0	9.0	10.0	11.0	12.0	13.0	14.0	15.0	16.0	17.0	18.0	19.0	20.0	21.0	22.0	23.0	24.0	25.0	26.0	27.0	28.0	29.0	30.0	31.0	32.0	33.0	34.0	35.0	36.0	37.0	38.0
S100_R1	606.0	0.0	0.0	0.0	0.0	0.0	0.0	0.0	0.0	0.0	0.0	0.0	0.0	0.0	0.0	3.0	15.0	38.0	107.0	293.0	577.0	1085.0	1902.0	2507.0	3476.0	4402.0	5531.0	6637.0	7996.0	9703.0	11228.0	12872.0	14754.0	15823.0	16062.0	10824.0	220.0
S100_R2	752.0	0.0	0.0	0.0	0.0	0.0	0.0	0.0	0.0	0.0	0.0	1.0	14.0	150.0	537.0	1412.0	1690.0	1858.0	2248.0	3061.0	3876.0	4438.0	5566.0	6241.0	7339.0	8057.0	8921.0	9603.0	10173.0	10435.0	9998.0	9676.0	8446.0	6539.0	4239.0	1379.0	12.0
S101_R1	1735.0	0.0	0.0	0.0	0.0	0.0	0.0	0.0	0.0	0.0	0.0	0.0	0.0	0.0	0.0	2.0	8.0	42.0	157.0	333.0	702.0	1256.0	2110.0	2534.0	3201.0	4229.0	5349.0	6912.0	8467.0	10173.0	12346.0	14616.0	17196.0	20294.0	22197.0	16384.0	371.0
S101_R2	2218.0	0.0	0.0	0.0	0.0	0.0	0.0	0.0	0.0	0.0	0.0	0.0	15.0	147.0	696.0	1529.0	1526.0	906.0	728.0	671.0	668.0	712.0	785.0	957.0	1179.0	1589.0	2194.0	2901.0	3800.0	4949.0	6576.0	9277.0	13914.0	22094.0	36683.0	32899.0	1001.0
S102_R1	3606.0	0.0	0.0	0.0	0.0	0.0	0.0	0.0	0.0	0.0	0.0	0.0	0.0	0.0	0.0	0.0	0.0	15.0	41.0	110.0	282.0	543.0	993.0	1259.0	1430.0	1718.0	2179.0	2653.0	3295.0	4019.0	5071.0	6502.0	8799.0	13055.0	25441.0	61989.0	3772.0
S102_R2	3803.0	0.0	0.0	0.0	0.0	0.0	0.0	0.0	0.0	0.0	0.0	0.0	14.0	87.0	348.0	752.0	740.0	543.0	528.0	564.0	550.0	621.0	662.0	776.0	982.0	1212.0	1734.0	2339.0	3062.0	4040.0	5340.0	6836.0	9445.0	14305.0	26219.0	54122.0	7148.0
S103_R1	4232.0	0.0	0.0	0.0	0.0	0.0	0.0	0.0	0.0	0.0	0.0	0.0	0.0	1.0	1.0	0.0	2.0	23.0	78.0	187.0	405.0	942.0	1887.0	2672.0	3187.0	3823.0	5010.0	6472.0	8457.0	10842.0	13998.0	17882.0	24392.0	36231.0	67674.0	148353.0	9493.0
S103_R2	4528.0	0.0	0.0	0.0	0.0	0.0	0.0	0.0	0.0	0.0	0.0	0.0	2.0	127.0	751.0	2212.0	2491.0	1658.0	1472.0	1411.0	1370.0	1534.0	1745.0	2163.0	2943.0	4279.0	6162.0	8297.0	10678.0	13554.0	16929.0	21360.0	28261.0	41777.0	71354.0	108822.0	10364.0
S104_R1	7445.0	0.0	0.0	0.0	0.0	0.0	0.0	0.0	0.0	0.0	0.0	2.0	5.0	6.0	11.0	25.0	31.0	61.0	142.0	293.0	546.0	1137.0	2203.0	3441.0	3884.0	4671.0	5670.0	7148.0	9113.0	11395.0	14487.0	17924.0	24292.0	35580.0	59978.0	128772.0	1419.0
S104_R2	8114.0	0.0	0.0	0.0	0.0	0.0	0.0	0.0	0.0	0.0	0.0	3.0	30.0	297.0	1209.0	2357.0	2197.0	1507.0	1382.0	1356.0	1415.0	1516.0	1752.0	1925.0	2477.0	3313.0	4691.0	6831.0	8754.0	11196.0	14526.0	18588.0	25177.0	36881.0	64322.0	111873.0	5992.0
S105_R1	7157.0	0.0	0.0	0.0	0.0	0.0	0.0	0.0	0.0	0.0	0.0	0.0	0.0	0.0	1.0	2.0	7.0	44.0	78.0	250.0	443.0	844.0	1542.0	1956.0	2065.0	2475.0	2919.0	3501.0	4441.0	5519.0	6860.0	8372.0	11370.0	17049.0	30881.0	67614.0	1147.0
S105_R2	7611.0	0.0	0.0	0.0	0.0	0.0	0.0	0.0	0.0	0.0	0.0	0.0	8.0	121.0	710.0	1862.0	2048.0	1405.0	1095.0	1179.0	1326.0	1649.0	1927.0	2055.0	2192.0	2737.0	3523.0	4622.0	5734.0	7133.0	8592.0	11266.0	14998.0	21767.0	34631.0	35969.0	377.0
S106_R1	144.0	0.0	0.0	0.0	0.0	0.0	0.0	0.0	0.0	0.0	0.0	2.0	5.0	2.0	15.0	33.0	47.0	51.0	107.0	217.0	465.0	976.0	2426.0	3611.0	4371.0	5108.0	6219.0	7753.0	9644.0	11809.0	15398.0	19834.0	26837.0	39995.0	77810.0	163434.0	13650.0
S106_R2	200.0	0.0	0.0	0.0	0.0	0.0	0.0	0.0	0.0	0.0	0.0	5.0	26.0	274.0	1126.0	2264.0	2012.0	1762.0	1825.0	1857.0	2196.0	2590.0	3171.0	4082.0	5946.0	8803.0	12368.0	15636.0	19006.0	22257.0	26746.0	33550.0	43342.0	60069.0	82593.0	55910.0	347.0
S107_R1	19453.0	0.0	0.0	0.0	0.0	0.0	0.0	0.0	0.0	0.0	0.0	0.0	4.0	2.0	7.0	8.0	17.0	43.0	124.0	245.0	473.0	951.0	1471.0	1703.0	1272.0	1520.0	1780.0	2300.0	2898.0	3525.0	4431.0	5806.0	7598.0	11389.0	20547.0	72255.0	3022.0
S107_R2	20548.0	0.0	0.0	0.0	0.0	0.0	0.0	0.0	0.0	0.0	0.0	3.0	30.0	215.0	977.0	1684.0	1573.0	1303.0	1494.0	1761.0	2173.0	2321.0	2487.0	2561.0	2745.0	3047.0	3909.0	5019.0	6148.0	7158.0	8682.0	10758.0	14388.0	19786.0	25953.0	16057.0	64.0
S10_R1	778.0	0.0	0.0	0.0	0.0	0.0	0.0	0.0	0.0	0.0	0.0	3.0	13.0	4.0	3.0	7.0	5.0	13.0	48.0	115.0	279.0	468.0	868.0	1427.0	1786.0	2233.0	2810.0	3604.0	4648.0	5867.0	7336.0	9663.0	13505.0	21684.0	46847.0	100823.0	4465.0
S10_R2	839.0	0.0	0.0	0.0	0.0	0.0	0.0	0.0	0.0	0.0	0.0	5.0	27.0	184.0	843.0	1733.0	1534.0	1150.0	1191.0	1224.0	1516.0	1855.0	2290.0	2280.0	2598.0	3711.0	5169.0	7019.0	9146.0	11658.0	15617.0	21372.0	30757.0	42059.0	45672.0	17711.0	142.0
S110_R1	20965.0	0.0	0.0	0.0	0.0	0.0	0.0	0.0	0.0	0.0	0.0	0.0	0.0	1.0	1.0	8.0	15.0	82.0	201.0	448.0	843.0	1514.0	2901.0	4152.0	4220.0	5133.0	6145.0	7920.0	9987.0	12651.0	15649.0	19945.0	27040.0	40064.0	76657.0	200062.0	5146.0
S110_R2	22309.0	0.0	0.0	0.0	0.0	0.0	0.0	0.0	0.0	0.0	0.0	0.0	24.0	226.0	973.0	2590.0	2929.0	2158.0	2197.0	2377.0	2876.0	3267.0	3762.0	4268.0	4491.0	5060.0	6593.0	8691.0	11089.0	14189.0	18139.0	23613.0	31931.0	47536.0	82327.0	149918.0	8217.0
S112_R1	600.0	0.0	0.0	0.0	0.0	0.0	0.0	0.0	0.0	0.0	0.0	0.0	0.0	0.0	0.0	0.0	1.0	8.0	23.0	63.0	101.0	229.0	418.0	617.0	661.0	774.0	992.0	1077.0	1370.0	1661.0	2104.0	2737.0	3521.0	5502.0	10714.0	16017.0	270.0
S112_R2	647.0	0.0	0.0	0.0	0.0	0.0	0.0	0.0	0.0	0.0	0.0	1.0	7.0	41.0	241.0	634.0	778.0	468.0	322.0	315.0	344.0	353.0	442.0	501.0	602.0	926.0	1241.0	1525.0	1930.0	2306.0	2904.0	3727.0	4994.0	7382.0	10274.0	6496.0	59.0
S113_R1	5837.0	0.0	0.0	0.0	0.0	0.0	0.0	0.0	0.0	0.0	0.0	0.0	0.0	0.0	0.0	1.0	9.0	24.0	100.0	241.0	473.0	913.0	1676.0	2395.0	2815.0	3405.0	4290.0	5742.0	7171.0	9211.0	11546.0	14922.0	20520.0	30757.0	55838.0	155967.0	8742.0
S113_R2	6264.0	0.0	0.0	0.0	0.0	0.0	0.0	0.0	0.0	0.0	0.0	1.0	23.0	290.0	1220.0	2555.0	2405.0	1985.0	2049.0	2158.0	2542.0	2825.0	3281.0	3909.0	4768.0	6744.0	9274.0	11981.0	14922.0	17791.0	21515.0	27208.0	34943.0	48477.0	65365.0	47484.0	616.0
S114_R1	4707.0	0.0	0.0	0.0	0.0	0.0	0.0	0.0	0.0	0.0	0.0	0.0	0.0	0.0	0.0	1.0	1.0	24.0	93.0	201.0	388.0	982.0	1940.0	2698.0	3078.0	3698.0	4637.0	5873.0	7588.0	9483.0	12209.0	15580.0	21132.0	31064.0	56699.0	133496.0	15557.0
S114_R2	5038.0	0.0	0.0	0.0	0.0	0.0	0.0	0.0	0.0	0.0	0.0	0.0	4.0	135.0	811.0	2314.0	2837.0	2068.0	1375.0	1407.0	1317.0	1412.0	1512.0	1822.0	2420.0	3403.0	4900.0	6732.0	8694.0	11115.0	13984.0	18116.0	24622.0	35466.0	61352.0	105811.0	12462.0
S115_R1	6460.0	0.0	0.0	0.0	0.0	0.0	0.0	0.0	0.0	0.0	0.0	0.0	0.0	0.0	0.0	1.0	1.0	12.0	35.0	69.0	157.0	319.0	591.0	756.0	849.0	1030.0	1312.0	1899.0	2406.0	2971.0	3653.0	4294.0	5556.0	8204.0	15239.0	50513.0	2873.0
S115_R2	6826.0	0.0	0.0	0.0	0.0	0.0	0.0	0.0	0.0	0.0	0.0	0.0	3.0	58.0	234.0	575.0	682.0	440.0	334.0	362.0	404.0	453.0	387.0	456.0	544.0	748.0	1084.0	1528.0	2128.0	2708.0	3550.0	4791.0	6728.0	9842.0	17417.0	40795.0	6123.0
S117_R1	350.0	0.0	0.0	0.0	0.0	0.0	0.0	0.0	0.0	0.0	0.0	1.0	4.0	1.0	6.0	15.0	22.0	25.0	55.0	155.0	314.0	817.0	1639.0	2320.0	2793.0	3401.0	4126.0	5511.0	6808.0	8421.0	10468.0	13493.0	18209.0	27339.0	55033.0	91119.0	2439.0
S117_R2	378.0	0.0	0.0	0.0	0.0	0.0	0.0	0.0	0.0	0.0	1.0	2.0	14.0	130.0	620.0	1414.0	1360.0	1091.0	998.0	995.0	1057.0	1311.0	1594.0	1895.0	2791.0	3983.0	5615.0	7297.0	9064.0	10904.0	13454.0	17177.0	22778.0	33281.0	54088.0	60669.0	923.0
S119_R1	9860.0	0.0	0.0	0.0	0.0	0.0	0.0	0.0	0.0	0.0	0.0	0.0	0.0	0.0	1.0	0.0	8.0	35.0	179.0	426.0	896.0	1711.0	3402.0	5661.0	7369.0	10462.0	14893.0	20139.0	24380.0	25599.0	24386.0	21128.0	18654.0	20050.0	32711.0	106534.0	2453.0
S119_R2	10266.0	0.0	0.0	0.0	0.0	0.0	0.0	0.0	0.0	0.0	0.0	0.0	10.0	231.0	1138.0	2526.0	2470.0	1707.0	1437.0	1503.0	1718.0	1969.0	2117.0	2420.0	2979.0	3550.0	4951.0	6627.0	9336.0	11651.0	14946.0	19532.0	26910.0	40324.0	68594.0	108850.0	3175.0
S122_R1	9196.0	0.0	0.0	0.0	0.0	0.0	0.0	0.0	0.0	0.0	0.0	0.0	0.0	0.0	1.0	2.0	7.0	46.0	138.0	246.0	572.0	1103.0	1654.0	2023.0	2298.0	2963.0	3904.0	5275.0	6937.0	8922.0	11691.0	15378.0	21871.0	33932.0	63729.0	161065.0	466.0
S122_R2	10390.0	0.0	0.0	0.0	0.0	0.0	0.0	0.0	0.0	0.0	0.0	0.0	15.0	226.0	1046.0	2437.0	2240.0	1714.0	1455.0	1449.0	1459.0	1552.0	1670.0	1989.0	2470.0	3211.0	4624.0	6553.0	8643.0	10890.0	14190.0	18953.0	26157.0	40178.0	71037.0	114926.0	3945.0
S123_R1	4391.0	0.0	0.0	0.0	0.0	0.0	0.0	0.0	0.0	0.0	0.0	2.0	6.0	4.0	8.0	18.0	33.0	49.0	71.0	189.0	387.0	837.0	1443.0	1882.0	2215.0	2619.0	3200.0	3958.0	5022.0	6313.0	7888.0	10355.0	14031.0	21099.0	40825.0	92034.0	6834.0
S123_R2	4733.0	0.0	0.0	0.0	0.0	0.0	0.0	0.0	0.0	0.0	0.0	5.0	26.0	126.0	715.0	1976.0	2337.0	1536.0	1159.0	1125.0	1145.0	1202.0	1398.0	1666.0	2288.0	3098.0	4353.0	5834.0	7361.0	9271.0	11584.0	14668.0	19643.0	28665.0	46414.0	52035.0	1350.0
S124_R1	3440.0	0.0	0.0	0.0	0.0	0.0	0.0	0.0	0.0	0.0	0.0	0.0	0.0	0.0	1.0	0.0	6.0	20.0	84.0	150.0	357.0	723.0	1247.0	1639.0	1969.0	2543.0	3409.0	4314.0	5488.0	6789.0	8484.0	10697.0	14058.0	18786.0	26356.0	28523.0	1005.0
S124_R2	4024.0	0.0	0.0	0.0	0.0	0.0	0.0	0.0	0.0	0.0	0.0	1.0	38.0	275.0	750.0	1128.0	848.0	636.0	520.0	470.0	470.0	480.0	513.0	610.0	898.0	1302.0	1978.0	2767.0	4000.0	5692.0	8204.0	12188.0	19201.0	27864.0	31296.0	13773.0	162.0
S125_R1	5521.0	0.0	0.0	0.0	0.0	0.0	0.0	0.0	0.0	0.0	0.0	0.0	0.0	0.0	0.0	1.0	4.0	33.0	96.0	226.0	490.0	990.0	1790.0	2416.0	2897.0	3793.0	5044.0	6375.0	7174.0	7192.0	6794.0	6020.0	5860.0	7316.0	12110.0	23423.0	354.0
S125_R2	7376.0	0.0	0.0	0.0	0.0	0.0	0.0	0.0	0.0	0.0	0.0	0.0	17.0	249.0	834.0	1438.0	1192.0	769.0	603.0	562.0	575.0	537.0	607.0	627.0	704.0	963.0	1213.0	1569.0	1982.0	2578.0	3227.0	4361.0	5908.0	9348.0	16864.0	38423.0	3393.0
S126_R1	7378.0	0.0	0.0	0.0	0.0	0.0	0.0	0.0	0.0	0.0	0.0	0.0	0.0	0.0	1.0	2.0	6.0	42.0	133.0	296.0	565.0	1257.0	2543.0	3666.0	4120.0	4739.0	6141.0	7544.0	9206.0	11665.0	14618.0	19070.0	25606.0	37776.0	71528.0	150259.0	2705.0
S126_R2	8069.0	0.0	0.0	0.0	0.0	0.0	0.0	0.0	0.0	0.0	0.0	1.0	43.0	414.0	1549.0	2934.0	2789.0	2263.0	2246.0	2388.0	2746.0	3316.0	3680.0	4460.0	6008.0	8683.0	11458.0	14598.0	17529.0	20899.0	24961.0	31480.0	41215.0	56565.0	72074.0	38241.0	257.0
S127_R1	3876.0	0.0	0.0	0.0	0.0	0.0	0.0	0.0	0.0	0.0	0.0	0.0	0.0	0.0	0.0	2.0	11.0	51.0	170.0	466.0	1078.0	2418.0	5154.0	7127.0	8197.0	9752.0	11749.0	14750.0	17485.0	21927.0	27076.0	34352.0	45958.0	66896.0	112510.0	144135.0	1356.0
S127_R2	4452.0	0.0	0.0	0.0	0.0	0.0	0.0	0.0	0.0	0.0	0.0	0.0	9.0	196.0	1067.0	3494.0	3951.0	2587.0	2080.0	1959.0	2144.0	2260.0	2572.0	3190.0	4123.0	6259.0	8862.0	11901.0	15230.0	19685.0	25411.0	33019.0	45813.0	69965.0	123708.0	139997.0	2562.0
S128_R1	6487.0	0.0	0.0	0.0	0.0	0.0	0.0	0.0	0.0	0.0	0.0	0.0	5.0	2.0	5.0	19.0	21.0	48.0	66.0	141.0	312.0	612.0	914.0	1029.0	1175.0	1505.0	1857.0	2437.0	3170.0	4215.0	5685.0	7592.0	10825.0	16483.0	30740.0	114333.0	923.0
S128_R2	7163.0	0.0	0.0	0.0	0.0	0.0	0.0	0.0	0.0	0.0	0.0	3.0	23.0	158.0	697.0	1749.0	1684.0	1216.0	933.0	938.0	939.0	1038.0	1072.0	1266.0	1525.0	2040.0	2864.0	3889.0	5237.0	6930.0	8892.0	11894.0	15775.0	23687.0	41428.0	65545.0	2016.0
S129_R1	6996.0	0.0	0.0	0.0	0.0	0.0	0.0	0.0	0.0	0.0	0.0	0.0	0.0	0.0	0.0	0.0	3.0	7.0	29.0	79.0	159.0	321.0	512.0	667.0	598.0	755.0	925.0	1185.0	1568.0	2002.0	2707.0	3566.0	4970.0	7464.0	13805.0	41244.0	984.0
S129_R2	7401.0	0.0	0.0	0.0	0.0	0.0	0.0	0.0	0.0	0.0	0.0	0.0	11.0	86.0	326.0	673.0	686.0	453.0	520.0	516.0	582.0	665.0	714.0	816.0	927.0	1078.0	1506.0	2044.0	2634.0	3317.0	4221.0	5478.0	7341.0	10421.0	16040.0	21389.0	701.0
S130_R1	2739.0	0.0	0.0	0.0	0.0	0.0	0.0	0.0	0.0	0.0	0.0	0.0	0.0	0.0	0.0	1.0	7.0	24.0	91.0	236.0	465.0	951.0	1985.0	3002.0	3585.0	4292.0	5540.0	7283.0	9207.0	11889.0	15017.0	19300.0	26453.0	40061.0	74294.0	158229.0	2480.0
S130_R2	2897.0	0.0	0.0	0.0	0.0	0.0	0.0	0.0	0.0	0.0	0.0	0.0	14.0	232.0	1240.0	2876.0	2854.0	1865.0	1590.0	1531.0	1687.0	1991.0	2344.0	2707.0	3427.0	4398.0	6286.0	8476.0	10771.0	13528.0	17109.0	22602.0	30956.0	46441.0	79630.0	116384.0	3295.0
S131_R1	7054.0	0.0	0.0	0.0	0.0	0.0	0.0	0.0	0.0	0.0	0.0	3.0	3.0	5.0	7.0	13.0	30.0	52.0	90.0	169.0	307.0	556.0	922.0	1265.0	1413.0	1724.0	2076.0	2845.0	3720.0	4875.0	6125.0	8046.0	11071.0	16787.0	30958.0	114557.0	2941.0
S131_R2	7474.0	0.0	0.0	0.0	0.0	0.0	0.0	0.0	0.0	0.0	0.0	5.0	22.0	165.0	680.0	1738.0	1973.0	1348.0	1316.0	1385.0	1610.0	1868.0	2159.0	2548.0	2869.0	3396.0	4745.0	6227.0	7780.0	9297.0	11546.0	14932.0	19811.0	28289.0	43703.0	40264.0	464.0
S132_R1	10686.0	0.0	0.0	0.0	0.0	0.0	0.0	0.0	0.0	0.0	0.0	0.0	0.0	0.0	0.0	2.0	6.0	49.0	131.0	320.0	606.0	1252.0	1903.0	2147.0	2120.0	2640.0	3452.0	4256.0	5414.0	6620.0	8094.0	10331.0	13208.0	17556.0	23226.0	19030.0	346.0
S132_R2	12423.0	0.0	0.0	0.0	0.0	0.0	0.0	0.0	0.0	0.0	0.0	1.0	23.0	150.0	613.0	1082.0	896.0	638.0	553.0	562.0	704.0	681.0	585.0	723.0	984.0	1449.0	2126.0	2993.0	4157.0	5747.0	8335.0	12494.0	18028.0	24336.0	24292.0	8747.0	73.0
S133_R1	6078.0	0.0	0.0	0.0	0.0	0.0	0.0	0.0	0.0	0.0	0.0	0.0	0.0	0.0	0.0	0.0	4.0	14.0	55.0	129.0	279.0	483.0	978.0	1496.0	1549.0	1984.0	2683.0	3723.0	4728.0	5870.0	7138.0	9326.0	12649.0	19253.0	36039.0	128647.0	1383.0
S133_R2	6504.0	0.0	0.0	0.0	0.0	0.0	0.0	0.0	0.0	0.0	0.0	0.0	20.0	166.0	650.0	1416.0	1353.0	940.0	779.0	724.0	888.0	1146.0	1330.0	1471.0	1630.0	1763.0	2224.0	2851.0	3898.0	5156.0	6927.0	9355.0	13255.0	20359.0	36985.0	103689.0	19009.0
S134_R1	17616.0	0.0	0.0	0.0	0.0	0.0	0.0	0.0	0.0	0.0	0.0	0.0	0.0	1.0	2.0	0.0	6.0	22.0	65.0	186.0	320.0	728.0	1337.0	1691.0	822.0	822.0	961.0	1283.0	1607.0	2037.0	2662.0	3663.0	5273.0	8109.0	17505.0	73274.0	1955.0
S134_R2	19051.0	0.0	0.0	0.0	0.0	0.0	0.0	0.0	0.0	0.0	0.0	0.0	25.0	303.0	933.0	1532.0	1180.0	840.0	818.0	854.0	972.0	1010.0	909.0	874.0	984.0	1283.0	1841.0	2476.0	3321.0	4517.0	6129.0	8831.0	13400.0	20992.0	31330.0	17502.0	40.0
S135_R1	2145.0	0.0	0.0	0.0	0.0	0.0	0.0	0.0	0.0	0.0	0.0	0.0	0.0	0.0	0.0	1.0	2.0	21.0	93.0	189.0	386.0	821.0	1773.0	2635.0	3125.0	3660.0	4817.0	6338.0	8019.0	10033.0	12435.0	16392.0	22188.0	32797.0	54275.0	108373.0	12649.0
S135_R2	2347.0	0.0	0.0	0.0	0.0	0.0	0.0	0.0	0.0	0.0	0.0	0.0	15.0	192.0	850.0	2609.0	3129.0	1954.0	1490.0	1273.0	1284.0	1251.0	1332.0	1623.0	2039.0	2762.0	3913.0	5405.0	7019.0	9088.0	11428.0	14772.0	20182.0	29676.0	51797.0	110101.0	15636.0
S136_R1	1531.0	0.0	0.0	0.0	0.0	0.0	0.0	0.0	0.0	0.0	0.0	0.0	0.0	0.0	1.0	1.0	8.0	23.0	59.0	127.0	272.0	489.0	874.0	1029.0	1241.0	1660.0	2194.0	2839.0	3571.0	4655.0	5970.0	8097.0	11218.0	16926.0	28050.0	38972.0	66.0
S136_R2	1967.0	0.0	0.0	0.0	0.0	0.0	0.0	0.0	0.0	0.0	0.0	0.0	12.0	154.0	584.0	973.0	729.0	537.0	481.0	516.0	528.0	657.0	783.0	757.0	874.0	1074.0	1647.0	2384.0	3300.0	4675.0	6849.0	10238.0	16008.0	25334.0	34296.0	14496.0	20.0
S138_R1	5437.0	0.0	0.0	0.0	0.0	0.0	0.0	0.0	0.0	0.0	0.0	0.0	0.0	0.0	0.0	2.0	7.0	18.0	61.0	120.0	218.0	440.0	736.0	814.0	876.0	1092.0	1393.0	1825.0	2287.0	3080.0	3979.0	5487.0	7791.0	12575.0	23965.0	37811.0	478.0
S138_R2	5907.0	0.0	0.0	0.0	0.0	0.0	0.0	0.0	0.0	0.0	0.0	1.0	8.0	111.0	517.0	996.0	839.0	595.0	505.0	545.0	559.0	650.0	751.0	941.0	1274.0	1890.0	2640.0	3488.0	4690.0	6211.0	8609.0	11750.0	16181.0	19690.0	16067.0	5048.0	29.0
S139_R1	4095.0	0.0	0.0	0.0	0.0	0.0	0.0	0.0	0.0	0.0	0.0	0.0	0.0	0.0	0.0	1.0	2.0	30.0	65.0	209.0	456.0	943.0	1853.0	2410.0	2844.0	3615.0	4723.0	6228.0	8251.0	10687.0	13534.0	17292.0	23771.0	35005.0	65174.0	150147.0	10073.0
S139_R2	4570.0	0.0	0.0	0.0	0.0	0.0	0.0	0.0	0.0	0.0	0.0	0.0	16.0	168.0	893.0	2645.0	3678.0	2645.0	1840.0	1522.0	1484.0	1537.0	1727.0	2076.0	2785.0	4001.0	5528.0	7411.0	9599.0	12022.0	15283.0	19964.0	27211.0	40559.0	72013.0	110310.0	9921.0
S13_R1	874.0	0.0	0.0	0.0	0.0	0.0	0.0	0.0	0.0	0.0	0.0	0.0	0.0	0.0	0.0	0.0	5.0	17.0	47.0	104.0	195.0	401.0	895.0	1525.0	1725.0	2143.0	2545.0	3212.0	4028.0	5298.0	6948.0	9371.0	13312.0	21500.0	45637.0	110614.0	16031.0
S13_R2	921.0	0.0	0.0	0.0	0.0	0.0	0.0	0.0	0.0	0.0	0.0	0.0	17.0	303.0	1191.0	2387.0	1755.0	1184.0	988.0	931.0	1000.0	1078.0	1211.0	1413.0	1988.0	2910.0	4350.0	6064.0	7929.0	10462.0	14200.0	20200.0	29656.0	45791.0	60976.0	27419.0	103.0
S140_R1	4748.0	0.0	0.0	0.0	0.0	0.0	0.0	0.0	0.0	0.0	0.0	0.0	0.0	0.0	1.0	1.0	1.0	10.0	19.0	53.0	87.0	184.0	350.0	327.0	191.0	210.0	246.0	359.0	406.0	536.0	617.0	861.0	1173.0	1790.0	3596.0	16859.0	454.0
S140_R2	5102.0	0.0	0.0	0.0	0.0	0.0	0.0	0.0	0.0	0.0	0.0	0.0	13.0	71.0	147.0	236.0	192.0	222.0	245.0	264.0	340.0	387.0	341.0	338.0	346.0	403.0	468.0	574.0	736.0	969.0	1316.0	1766.0	2604.0	3960.0	6826.0	5164.0	49.0
S141_R1	5019.0	0.0	0.0	0.0	0.0	0.0	0.0	0.0	0.0	0.0	0.0	0.0	0.0	0.0	1.0	3.0	4.0	31.0	66.0	143.0	280.0	592.0	1001.0	1278.0	1418.0	1758.0	2240.0	2894.0	3945.0	4881.0	6561.0	8461.0	12231.0	19462.0	37300.0	50042.0	2054.0
S141_R2	5435.0	0.0	0.0	0.0	0.0	0.0	0.0	0.0	0.0	0.0	0.0	0.0	24.0	222.0	842.0	1333.0	1104.0	911.0	754.0	847.0	877.0	1072.0	1389.0	1762.0	2627.0	3896.0	5132.0	7103.0	8915.0	11724.0	15139.0	19780.0	24301.0	24968.0	17211.0	4276.0	21.0
S142_R1	1347.0	0.0	0.0	0.0	0.0	0.0	0.0	0.0	0.0	0.0	0.0	0.0	0.0	0.0	0.0	0.0	3.0	10.0	28.0	52.0	118.0	180.0	336.0	426.0	428.0	556.0	762.0	941.0	1113.0	1470.0	1853.0	2530.0	3532.0	5352.0	9596.0	15129.0	162.0
S142_R2	1550.0	0.0	0.0	0.0	0.0	0.0	0.0	0.0	0.0	0.0	0.0	0.0	9.0	100.0	282.0	521.0	419.0	281.0	265.0	254.0	339.0	388.0	369.0	411.0	475.0	585.0	766.0	1063.0	1425.0	1993.0	2810.0	3957.0	6045.0	8624.0	9872.0	3117.0	4.0
S144_R1	4354.0	0.0	0.0	0.0	0.0	0.0	0.0	0.0	0.0	0.0	0.0	0.0	0.0	0.0	1.0	0.0	3.0	30.0	137.0	253.0	640.0	1309.0	2622.0	3402.0	3912.0	4699.0	5994.0	7504.0	9617.0	12164.0	15294.0	19601.0	26713.0	40374.0	74482.0	130753.0	8576.0
S144_R2	4978.0	0.0	0.0	0.0	0.0	0.0	0.0	0.0	0.0	0.0	0.0	1.0	8.0	215.0	1173.0	3088.0	3272.0	2151.0	1704.0	1556.0	1545.0	1582.0	1848.0	2288.0	3059.0	4373.0	6270.0	8341.0	10902.0	13423.0	17145.0	22138.0	30350.0	45125.0	75445.0	104276.0	6178.0
S145_R1	3039.0	0.0	0.0	0.0	0.0	0.0	0.0	0.0	0.0	0.0	0.0	0.0	0.0	0.0	1.0	2.0	8.0	44.0	82.0	192.0	421.0	784.0	1358.0	1590.0	1818.0	2303.0	2921.0	3611.0	4633.0	5729.0	6797.0	8456.0	10660.0	13789.0	18986.0	19072.0	132.0
S145_R2	3903.0	0.0	0.0	0.0	0.0	0.0	0.0	0.0	0.0	0.0	0.0	0.0	22.0	198.0	550.0	858.0	629.0	429.0	394.0	375.0	462.0	480.0	466.0	509.0	621.0	822.0	1189.0	1588.0	2360.0	3405.0	4942.0	7658.0	12156.0	18853.0	27928.0	15574.0	57.0
S14_R1	2247.0	0.0	0.0	0.0	0.0	0.0	0.0	0.0	0.0	0.0	0.0	0.0	0.0	0.0	2.0	1.0	1.0	14.0	32.0	75.0	157.0	245.0	462.0	744.0	835.0	1017.0	1352.0	1872.0	2408.0	2924.0	3717.0	5103.0	7311.0	12237.0	25284.0	144636.0	2341.0
S14_R2	2438.0	0.0	0.0	0.0	0.0	0.0	0.0	0.0	0.0	0.0	0.0	1.0	37.0	375.0	1062.0	1319.0	959.0	867.0	828.0	1007.0	1508.0	2122.0	2656.0	2398.0	1946.0	1916.0	2276.0	2850.0	3930.0	5522.0	7614.0	11092.0	16994.0	28609.0	53982.0	60040.0	669.0
S15_R1	2453.0	0.0	0.0	0.0	0.0	0.0	0.0	0.0	0.0	0.0	0.0	0.0	0.0	0.0	0.0	1.0	1.0	16.0	48.0	100.0	210.0	372.0	843.0	1255.0	1670.0	2066.0	2582.0	3285.0	4089.0	5105.0	6311.0	8498.0	11816.0	18183.0	34849.0	101258.0	2180.0
S15_R2	2620.0	0.0	0.0	0.0	0.0	0.0	0.0	0.0	0.0	0.0	0.0	0.0	20.0	243.0	773.0	1365.0	1067.0	806.0	730.0	918.0	1308.0	2131.0	2656.0	2422.0	2092.0	2100.0	2677.0	3686.0	5076.0	6980.0	9591.0	13931.0	21570.0	35118.0	54185.0	32897.0	229.0
S16_R1	2395.0	0.0	0.0	0.0	0.0	0.0	0.0	0.0	0.0	0.0	0.0	0.0	0.0	0.0	0.0	0.0	0.0	4.0	19.0	53.0	53.0	161.0	278.0	453.0	389.0	518.0	737.0	1004.0	1293.0	1592.0	1899.0	2093.0	2656.0	3992.0	7387.0	24325.0	650.0
S16_R2	2562.0	0.0	0.0	0.0	0.0	0.0	0.0	0.0	0.0	0.0	0.0	0.0	9.0	86.0	219.0	344.0	269.0	219.0	181.0	225.0	264.0	344.0	372.0	345.0	332.0	425.0	591.0	754.0	1055.0	1458.0	2095.0	3111.0	4835.0	7752.0	13347.0	10662.0	95.0
S17_R1	381.0	0.0	0.0	0.0	0.0	0.0	0.0	0.0	0.0	0.0	0.0	0.0	0.0	1.0	0.0	1.0	2.0	13.0	40.0	95.0	230.0	398.0	855.0	1428.0	1760.0	2207.0	2756.0	3436.0	4577.0	5752.0	7424.0	9840.0	14143.0	23000.0	46896.0	100279.0	1313.0
S17_R2	397.0	0.0	0.0	0.0	0.0	0.0	0.0	0.0	0.0	0.0	0.0	1.0	14.0	253.0	1087.0	1866.0	1301.0	956.0	883.0	929.0	1045.0	1466.0	1758.0	1824.0	2088.0	2834.0	3957.0	5293.0	7201.0	9903.0	13669.0	19336.0	28768.0	42599.0	52901.0	24380.0	118.0
S18_R1	5300.0	0.0	0.0	0.0	0.0	0.0	0.0	0.0	0.0	0.0	0.0	0.0	0.0	0.0	0.0	1.0	5.0	12.0	46.0	95.0	157.0	281.0	521.0	719.0	599.0	793.0	1092.0	1455.0	1973.0	2398.0	2849.0	2962.0	3214.0	3833.0	6715.0	33771.0	1918.0
S18_R2	5526.0	0.0	0.0	0.0	0.0	0.0	0.0	0.0	0.0	0.0	0.0	0.0	20.0	141.0	447.0	783.0	802.0	669.0	729.0	840.0	1041.0	1338.0	1464.0	1283.0	1296.0	1294.0	1593.0	1916.0	2449.0	3010.0	4029.0	5304.0	7331.0	10453.0	12252.0	4663.0	36.0
S19_R1	4175.0	0.0	0.0	0.0	0.0	0.0	0.0	0.0	0.0	0.0	0.0	0.0	0.0	1.0	0.0	0.0	4.0	10.0	30.0	94.0	170.0	378.0	755.0	1189.0	1249.0	1496.0	1862.0	2443.0	3043.0	3984.0	5192.0	6967.0	9671.0	15748.0	33968.0	84563.0	13613.0
S19_R2	4465.0	0.0	0.0	0.0	0.0	0.0	0.0	0.0	0.0	0.0	0.0	0.0	34.0	378.0	940.0	1423.0	1006.0	799.0	686.0	666.0	732.0	767.0	862.0	983.0	1330.0	1873.0	2896.0	4146.0	5469.0	7580.0	10539.0	15045.0	21934.0	34284.0	47257.0	24347.0	164.0
S1_R1	6732.0	0.0	0.0	0.0	0.0	0.0	0.0	0.0	0.0	0.0	0.0	0.0	0.0	0.0	0.0	3.0	7.0	26.0	62.0	123.0	195.0	369.0	679.0	827.0	613.0	673.0	897.0	1110.0	1445.0	1763.0	2233.0	2822.0	3833.0	5927.0	11800.0	64191.0	2164.0
S1_R2	7206.0	0.0	0.0	0.0	0.0	0.0	0.0	0.0	0.0	0.0	0.0	0.0	29.0	224.0	733.0	1119.0	1111.0	1035.0	1162.0	1282.0	1550.0	1918.0	2078.0	1963.0	2063.0	2406.0	2974.0	3759.0	4587.0	5753.0	7481.0	9910.0	13380.0	16446.0	14658.0	3623.0	44.0
S20_R1	1761.0	0.0	0.0	0.0	0.0	0.0	0.0	0.0	0.0	0.0	0.0	0.0	0.0	0.0	1.0	0.0	3.0	12.0	24.0	68.0	98.0	181.0	340.0	497.0	482.0	580.0	771.0	936.0	1178.0	1423.0	1769.0	2320.0	3204.0	5092.0	10191.0	46499.0	1103.0
S20_R2	1925.0	0.0	0.0	0.0	0.0	0.0	0.0	0.0	0.0	0.0	0.0	0.0	6.0	105.0	390.0	756.0	650.0	525.0	471.0	534.0	863.0	1173.0	1316.0	1154.0	944.0	1030.0	1215.0	1639.0	2138.0	2609.0	3710.0	5084.0	7495.0	11931.0	18702.0	12102.0	66.0
S21_R1	174.0	0.0	0.0	0.0	0.0	0.0	0.0	0.0	0.0	0.0	0.0	0.0	0.0	0.0	0.0	0.0	1.0	1.0	9.0	13.0	27.0	47.0	93.0	98.0	105.0	129.0	161.0	204.0	234.0	304.0	374.0	532.0	754.0	1117.0	2319.0	7358.0	101.0
S21_R2	186.0	0.0	0.0	0.0	0.0	0.0	0.0	0.0	0.0	0.0	0.0	0.0	5.0	20.0	107.0	218.0	174.0	128.0	104.0	97.0	116.0	120.0	111.0	111.0	134.0	176.0	243.0	328.0	398.0	486.0	725.0	976.0	1492.0	2309.0	3445.0	1937.0	9.0
S22_R1	6638.0	0.0	0.0	0.0	0.0	0.0	0.0	0.0	0.0	0.0	0.0	0.0	0.0	0.0	1.0	1.0	6.0	26.0	80.0	139.0	262.0	488.0	1036.0	1324.0	1252.0	1391.0	1875.0	2238.0	2737.0	3102.0	3681.0	4451.0	5689.0	7662.0	12619.0	25025.0	1948.0
S22_R2	7184.0	0.0	0.0	0.0	0.0	0.0	0.0	0.0	0.0	0.0	0.0	0.0	22.0	139.0	500.0	901.0	889.0	725.0	800.0	984.0	1412.0	2360.0	2672.0	2178.0	1694.0	1548.0	1775.0	2081.0	2647.0	3243.0	4042.0	5332.0	7570.0	11455.0	14680.0	6773.0	65.0
S23_R1	13130.0	0.0	0.0	0.0	0.0	0.0	0.0	0.0	0.0	0.0	0.0	0.0	0.0	1.0	0.0	1.0	7.0	24.0	76.0	150.0	322.0	609.0	1131.0	1607.0	833.0	995.0	1214.0	1542.0	1906.0	2444.0	3062.0	4091.0	6026.0	9284.0	19534.0	96532.0	979.0
S23_R2	14418.0	0.0	0.0	0.0	0.0	0.0	0.0	0.0	0.0	0.0	0.0	0.0	69.0	466.0	1093.0	1321.0	1023.0	767.0	776.0	824.0	1091.0	1681.0	1920.0	1533.0	1342.0	1420.0	1702.0	2354.0	3039.0	4208.0	5752.0	8499.0	12761.0	21258.0	39078.0	36842.0	263.0
S24_R1	7224.0	0.0	0.0	0.0	0.0	0.0	0.0	0.0	0.0	0.0	0.0	0.0	0.0	0.0	0.0	0.0	1.0	14.0	39.0	86.0	173.0	346.0	522.0	648.0	561.0	649.0	882.0	1181.0	1450.0	1874.0	2283.0	3233.0	4432.0	6917.0	14128.0	56693.0	1111.0
S24_R2	7533.0	0.0	0.0	0.0	0.0	0.0	0.0	0.0	0.0	0.0	0.0	0.0	7.0	87.0	350.0	880.0	760.0	671.0	691.0	790.0	960.0	1134.0	1257.0	1221.0	1305.0	1604.0	2193.0	2858.0	3672.0	4816.0	6333.0	8553.0	12112.0	17261.0	19913.0	7449.0	37.0
S25_R1	5087.0	0.0	0.0	0.0	0.0	0.0	0.0	0.0	0.0	0.0	0.0	0.0	0.0	0.0	0.0	0.0	6.0	15.0	50.0	105.0	204.0	422.0	854.0	1245.0	1268.0	1618.0	2096.0	2961.0	3941.0	4968.0	5989.0	7078.0	8661.0	12249.0	23820.0	71277.0	896.0
S25_R2	5583.0	0.0	0.0	0.0	0.0	0.0	0.0	0.0	0.0	0.0	0.0	0.0	7.0	157.0	604.0	1220.0	1077.0	784.0	690.0	696.0	809.0	895.0	993.0	1008.0	1221.0	1817.0	2495.0	3466.0	4595.0	6279.0	8249.0	11748.0	17393.0	26670.0	35984.0	20297.0	73.0
S27_R1	2775.0	0.0	0.0	0.0	0.0	0.0	0.0	0.0	0.0	0.0	0.0	0.0	0.0	0.0	1.0	0.0	6.0	13.0	31.0	82.0	114.0	208.0	388.0	501.0	444.0	532.0	622.0	836.0	1014.0	1143.0	1454.0	1857.0	2530.0	3768.0	7555.0	42563.0	1271.0
S27_R2	3032.0	0.0	0.0	0.0	0.0	0.0	0.0	0.0	0.0	0.0	0.0	1.0	3.0	87.0	377.0	745.0	656.0	626.0	604.0	719.0	995.0	1329.0	1397.0	1311.0	1187.0	1239.0	1520.0	1842.0	2398.0	2884.0	3948.0	5225.0	7605.0	10872.0	13345.0	5736.0	25.0
S29_R1	3534.0	0.0	0.0	0.0	0.0	0.0	0.0	0.0	0.0	0.0	0.0	0.0	0.0	0.0	0.0	0.0	3.0	15.0	22.0	51.0	99.0	181.0	280.0	411.0	391.0	438.0	623.0	785.0	1105.0	1413.0	1913.0	2477.0	3696.0	5842.0	12035.0	56091.0	821.0
S29_R2	3728.0	0.0	0.0	0.0	0.0	0.0	0.0	0.0	0.0	0.0	0.0	0.0	13.0	129.0	386.0	562.0	526.0	440.0	461.0	546.0	596.0	619.0	716.0	849.0	926.0	1309.0	1682.0	2256.0	3037.0	3962.0	5232.0	7133.0	9941.0	15025.0	20738.0	11381.0	33.0
S2_R1	787.0	0.0	0.0	0.0	0.0	0.0	0.0	0.0	0.0	0.0	0.0	0.0	0.0	0.0	0.0	1.0	1.0	16.0	56.0	91.0	196.0	387.0	897.0	1505.0	2039.0	2415.0	3154.0	4073.0	4951.0	6308.0	7724.0	10435.0	14535.0	22414.0	43616.0	129664.0	3481.0
S2_R2	828.0	0.0	0.0	0.0	0.0	0.0	0.0	0.0	0.0	0.0	0.0	0.0	25.0	281.0	1162.0	1867.0	1494.0	1234.0	1229.0	1551.0	2046.0	2872.0	3428.0	3663.0	3914.0	5214.0	7174.0	9339.0	12331.0	15924.0	21037.0	28854.0	39797.0	49080.0	37376.0	6957.0	69.0
S31_R1	414.0	0.0	0.0	0.0	0.0	0.0	0.0	0.0	0.0	0.0	0.0	0.0	0.0	0.0	0.0	0.0	1.0	4.0	21.0	27.0	82.0	146.0	298.0	476.0	572.0	718.0	896.0	1193.0	1507.0	1978.0	2572.0	3469.0	4905.0	7885.0	16182.0	47236.0	7804.0
S31_R2	459.0	0.0	0.0	0.0	0.0	0.0	0.0	0.0	0.0	0.0	0.0	0.0	1.0	104.0	497.0	993.0	858.0	529.0	448.0	380.0	405.0	418.0	475.0	610.0	792.0	1185.0	1698.0	2321.0	3282.0	4163.0	5641.0	7767.0	11501.0	18028.0	24034.0	11689.0	108.0
S32_R1	1509.0	0.0	0.0	0.0	0.0	0.0	0.0	0.0	0.0	0.0	0.0	0.0	0.0	1.0	0.0	2.0	6.0	20.0	48.0	85.0	192.0	282.0	480.0	719.0	928.0	1282.0	1642.0	2073.0	2526.0	3209.0	3776.0	5118.0	6917.0	10263.0	20194.0	95183.0	4221.0
S32_R2	1590.0	0.0	0.0	0.0	0.0	0.0	0.0	0.0	0.0	0.0	0.0	0.0	12.0	156.0	565.0	1147.0	1039.0	853.0	965.0	1288.0	2007.0	3309.0	4089.0	3557.0	2583.0	2272.0	2637.0	3369.0	4216.0	5622.0	7457.0	10767.0	16344.0	26466.0	37638.0	20622.0	106.0
S33_R1	1591.0	0.0	0.0	0.0	0.0	0.0	0.0	0.0	0.0	0.0	0.0	0.0	0.0	0.0	0.0	1.0	1.0	5.0	12.0	22.0	41.0	94.0	144.0	158.0	127.0	127.0	197.0	227.0	322.0	371.0	475.0	692.0	943.0	1477.0	3015.0	19898.0	494.0
S33_R2	1718.0	0.0	0.0	0.0	0.0	0.0	0.0	0.0	0.0	0.0	0.0	0.0	3.0	62.0	164.0	216.0	180.0	155.0	151.0	194.0	238.0	264.0	268.0	244.0	242.0	282.0	304.0	484.0	590.0	763.0	1117.0	1498.0	2199.0	3666.0	6882.0	8442.0	108.0
S34_R1	1183.0	0.0	0.0	0.0	0.0	0.0	0.0	0.0	0.0	0.0	0.0	0.0	0.0	0.0	1.0	2.0	0.0	12.0	36.0	85.0	192.0	403.0	809.0	1311.0	1584.0	1954.0	2707.0	3309.0	4359.0	5592.0	7561.0	10158.0	14625.0	23462.0	47025.0	98357.0	7125.0
S34_R2	1277.0	0.0	0.0	0.0	0.0	0.0	0.0	0.0	0.0	0.0	0.0	0.0	16.0	195.0	902.0	2086.0	1770.0	1199.0	1067.0	1046.0	1187.0	1398.0	1848.0	2519.0	3732.0	5523.0	7787.0	10339.0	13700.0	17525.0	22470.0	28332.0	35132.0	38163.0	27597.0	5035.0	7.0
S36_R1	689.0	0.0	0.0	0.0	0.0	0.0	0.0	0.0	0.0	0.0	0.0	0.0	0.0	0.0	0.0	0.0	0.0	9.0	21.0	45.0	101.0	224.0	412.0	656.0	772.0	944.0	1181.0	1499.0	2050.0	2694.0	3539.0	4827.0	6897.0	11156.0	22394.0	62011.0	8760.0
S36_R2	745.0	0.0	0.0	0.0	0.0	0.0	0.0	0.0	0.0	0.0	0.0	0.0	4.0	131.0	556.0	1161.0	1078.0	675.0	515.0	453.0	432.0	473.0	526.0	675.0	879.0	1276.0	1988.0	2894.0	3829.0	5025.0	6945.0	9739.0	14425.0	22829.0	32923.0	20350.0	355.0
S38_R1	10928.0	0.0	0.0	0.0	0.0	0.0	0.0	0.0	0.0	0.0	0.0	1.0	7.0	6.0	2.0	4.0	12.0	44.0	85.0	180.0	333.0	592.0	1041.0	1390.0	1170.0	1500.0	2076.0	2773.0	3547.0	4376.0	5030.0	5702.0	6660.0	8991.0	17497.0	77454.0	4409.0
S38_R2	11529.0	0.0	0.0	0.0	0.0	0.0	0.0	0.0	0.0	0.0	1.0	3.0	31.0	178.0	668.0	1417.0	1306.0	1129.0	1317.0	1692.0	2352.0	3426.0	3894.0	3226.0	2825.0	2865.0	3244.0	4107.0	5404.0	6981.0	9253.0	12724.0	18206.0	24979.0	25327.0	7680.0	46.0
S39_R1	2869.0	0.0	0.0	0.0	0.0	0.0	0.0	0.0	0.0	0.0	0.0	1.0	0.0	1.0	1.0	0.0	5.0	16.0	33.0	63.0	124.0	233.0	385.0	664.0	644.0	827.0	1087.0	1391.0	1777.0	2229.0	2832.0	3612.0	4819.0	7805.0	15477.0	65115.0	2599.0
S39_R2	3009.0	0.0	0.0	0.0	0.0	0.0	0.0	0.0	0.0	0.0	0.0	1.0	17.0	238.0	605.0	904.0	757.0	571.0	597.0	750.0	1105.0	1648.0	2090.0	1882.0	1460.0	1364.0	1747.0	2148.0	2884.0	3874.0	5288.0	7655.0	11520.0	18316.0	27868.0	16204.0	107.0
S3_R1	1608.0	0.0	0.0	0.0	0.0	0.0	0.0	0.0	0.0	0.0	0.0	0.0	0.0	0.0	0.0	1.0	1.0	3.0	3.0	21.0	52.0	70.0	152.0	262.0	265.0	370.0	540.0	765.0	977.0	1276.0	1408.0	1499.0	1593.0	1963.0	3351.0	13176.0	340.0
S3_R2	1666.0	0.0	0.0	0.0	0.0	0.0	0.0	0.0	0.0	0.0	0.0	0.0	2.0	34.0	105.0	159.0	121.0	124.0	139.0	163.0	177.0	204.0	243.0	244.0	275.0	360.0	471.0	661.0	888.0	1258.0	1560.0	2240.0	3398.0	5150.0	6908.0	3136.0	10.0
S40_R1	6067.0	0.0	0.0	0.0	0.0	0.0	0.0	0.0	0.0	0.0	0.0	0.0	0.0	0.0	1.0	0.0	2.0	14.0	42.0	102.0	159.0	300.0	573.0	802.0	809.0	991.0	1347.0	1747.0	2345.0	2860.0	3455.0	4165.0	5360.0	7748.0	14920.0	47806.0	1339.0
S40_R2	6287.0	0.0	0.0	0.0	0.0	0.0	0.0	0.0	0.0	0.0	0.0	0.0	8.0	88.0	364.0	729.0	748.0	674.0	716.0	736.0	942.0	1061.0	1141.0	1174.0	1511.0	1881.0	2556.0	3431.0	4212.0	5557.0	7049.0	9500.0	12728.0	17098.0	17546.0	5184.0	33.0
S41_R1	3222.0	0.0	0.0	0.0	0.0	0.0	0.0	0.0	0.0	0.0	0.0	0.0	0.0	0.0	0.0	0.0	2.0	11.0	38.0	56.0	96.0	212.0	322.0	438.0	479.0	550.0	717.0	873.0	1182.0	1460.0	1916.0	2480.0	3542.0	5473.0	10794.0	45550.0	1364.0
S41_R2	3335.0	0.0	0.0	0.0	0.0	0.0	0.0	0.0	0.0	0.0	0.0	0.0	9.0	89.0	375.0	745.0	736.0	654.0	693.0	740.0	885.0	1180.0	1318.0	1252.0	1296.0	1478.0	1965.0	2573.0	3156.0	4005.0	5151.0	7102.0	9423.0	12984.0	14423.0	5167.0	43.0
S42_R1	217.0	0.0	0.0	0.0	0.0	0.0	0.0	0.0	0.0	0.0	0.0	0.0	0.0	0.0	0.0	2.0	4.0	6.0	22.0	59.0	115.0	285.0	613.0	1077.0	1294.0	1605.0	1877.0	2345.0	2971.0	3670.0	4917.0	6314.0	9372.0	15373.0	34576.0	67031.0	7771.0
S42_R2	250.0	0.0	0.0	0.0	0.0	0.0	0.0	0.0	0.0	0.0	0.0	0.0	8.0	157.0	762.0	1438.0	1150.0	810.0	606.0	583.0	612.0	716.0	845.0	1081.0	1572.0	2281.0	3316.0	4520.0	6079.0	8038.0	10933.0	14885.0	22059.0	32252.0	34534.0	11943.0	86.0
S43_R1	385.0	0.0	0.0	0.0	0.0	0.0	0.0	0.0	0.0	0.0	0.0	0.0	0.0	0.0	0.0	0.0	1.0	2.0	4.0	9.0	24.0	24.0	61.0	111.0	95.0	146.0	165.0	231.0	279.0	324.0	447.0	556.0	873.0	1279.0	2745.0	18689.0	260.0
S43_R2	417.0	0.0	0.0	0.0	0.0	0.0	0.0	0.0	0.0	0.0	0.0	0.0	1.0	38.0	128.0	146.0	136.0	114.0	104.0	132.0	168.0	237.0	297.0	223.0	232.0	227.0	303.0	368.0	546.0	705.0	1000.0	1424.0	2270.0	3739.0	6905.0	6805.0	45.0
S44_R1	5189.0	0.0	0.0	0.0	0.0	0.0	0.0	0.0	0.0	0.0	0.0	0.0	1.0	0.0	0.0	1.0	1.0	9.0	39.0	66.0	142.0	238.0	438.0	635.0	584.0	672.0	861.0	1134.0	1380.0	1823.0	2308.0	2965.0	4058.0	6243.0	12447.0	46845.0	1270.0
S44_R2	5379.0	0.0	0.0	0.0	0.0	0.0	0.0	0.0	0.0	0.0	0.0	1.0	24.0	179.0	470.0	721.0	621.0	622.0	634.0	729.0	963.0	1237.0	1538.0	1341.0	1292.0	1473.0	1733.0	2401.0	3135.0	3980.0	5235.0	7115.0	9986.0	14418.0	16949.0	7103.0	70.0
S46_R1	7263.0	0.0	0.0	0.0	0.0	0.0	0.0	0.0	0.0	0.0	0.0	0.0	0.0	0.0	0.0	0.0	4.0	15.0	53.0	98.0	185.0	360.0	570.0	616.0	556.0	615.0	760.0	1068.0	1340.0	1639.0	2100.0	2684.0	3856.0	6298.0	12853.0	51133.0	2331.0
S46_R2	7575.0	0.0	0.0	0.0	0.0	0.0	0.0	0.0	0.0	0.0	0.0	2.0	21.0	164.0	490.0	861.0	771.0	669.0	768.0	859.0	1003.0	1285.0	1350.0	1292.0	1223.0	1363.0	1614.0	2148.0	2687.0	3457.0	4488.0	6300.0	8909.0	13228.0	19313.0	14444.0	113.0
S47_R1	1993.0	0.0	0.0	0.0	0.0	0.0	0.0	0.0	0.0	0.0	0.0	0.0	0.0	0.0	0.0	0.0	5.0	12.0	51.0	91.0	160.0	321.0	687.0	987.0	1113.0	1425.0	1861.0	2501.0	3103.0	4102.0	5325.0	7076.0	10063.0	16030.0	36225.0	93216.0	2114.0
S47_R2	2160.0	0.0	0.0	0.0	0.0	0.0	0.0	0.0	0.0	0.0	0.0	0.0	23.0	293.0	822.0	1272.0	962.0	773.0	775.0	745.0	832.0	1014.0	1196.0	1191.0	1413.0	2015.0	2874.0	3927.0	5495.0	7393.0	9992.0	14168.0	21316.0	32196.0	44850.0	30178.0	586.0
S48_R1	1194.0	0.0	0.0	0.0	0.0	0.0	0.0	0.0	0.0	0.0	0.0	0.0	0.0	0.0	0.0	0.0	1.0	13.0	12.0	35.0	81.0	149.0	263.0	414.0	606.0	858.0	1351.0	1878.0	2751.0	3475.0	3761.0	3390.0	2754.0	1818.0	1546.0	4684.0	684.0
S48_R2	1251.0	0.0	0.0	0.0	0.0	0.0	0.0	0.0	0.0	0.0	0.0	1.0	8.0	58.0	125.0	179.0	163.0	161.0	168.0	233.0	284.0	354.0	396.0	343.0	289.0	343.0	414.0	534.0	655.0	866.0	1227.0	1726.0	2703.0	4403.0	7930.0	6852.0	52.0
S49_R1	1339.0	0.0	0.0	0.0	0.0	0.0	0.0	0.0	0.0	0.0	0.0	0.0	0.0	0.0	0.0	1.0	2.0	10.0	39.0	75.0	122.0	223.0	400.0	613.0	697.0	982.0	1246.0	1711.0	2000.0	2499.0	3201.0	3923.0	5347.0	8356.0	16824.0	69109.0	2925.0
S49_R2	1437.0	0.0	0.0	0.0	0.0	0.0	0.0	0.0	0.0	0.0	0.0	0.0	18.0	169.0	546.0	933.0	748.0	683.0	699.0	863.0	1232.0	1852.0	2403.0	2161.0	1673.0	1597.0	1829.0	2311.0	2931.0	3989.0	5481.0	7551.0	11268.0	17961.0	29063.0	21993.0	253.0
S51_R1	2363.0	0.0	0.0	0.0	0.0	0.0	0.0	0.0	0.0	0.0	0.0	3.0	2.0	3.0	0.0	3.0	11.0	13.0	51.0	82.0	133.0	220.0	368.0	555.0	580.0	723.0	912.0	1128.0	1524.0	1913.0	2408.0	2968.0	3992.0	6109.0	11824.0	63528.0	2318.0
S51_R2	2472.0	0.0	0.0	0.0	0.0	0.0	0.0	0.0	0.0	0.0	0.0	1.0	24.0	121.0	467.0	985.0	823.0	710.0	700.0	814.0	1087.0	1541.0	1825.0	1720.0	1557.0	1791.0	2302.0	2863.0	3583.0	4737.0	6197.0	8665.0	12545.0	18076.0	20442.0	7628.0	58.0
S52_R1	712.0	0.0	0.0	0.0	0.0	0.0	0.0	0.0	0.0	0.0	0.0	0.0	0.0	0.0	0.0	0.0	1.0	3.0	9.0	12.0	33.0	46.0	91.0	140.0	131.0	208.0	277.0	361.0	495.0	607.0	689.0	731.0	827.0	1037.0	1850.0	8432.0	317.0
S52_R2	740.0	0.0	0.0	0.0	0.0	0.0	0.0	0.0	0.0	0.0	0.0	0.0	0.0	21.0	79.0	214.0	176.0	120.0	110.0	116.0	155.0	172.0	191.0	167.0	168.0	200.0	262.0	376.0	534.0	655.0	930.0	1281.0	1904.0	2930.0	3866.0	1640.0	2.0
S54_R1	924.0	0.0	0.0	0.0	0.0	0.0	0.0	0.0	0.0	0.0	0.0	0.0	0.0	0.0	0.0	2.0	3.0	7.0	22.0	60.0	107.0	234.0	518.0	806.0	1019.0	1295.0	1713.0	2116.0	2867.0	3790.0	5233.0	6982.0	9797.0	15626.0	33788.0	97821.0	8312.0
S54_R2	981.0	0.0	0.0	0.0	0.0	0.0	0.0	0.0	0.0	0.0	0.0	0.0	18.0	292.0	827.0	1236.0	1032.0	794.0	731.0	727.0	794.0	950.0	1144.0	1482.0	2242.0	3239.0	4698.0	6499.0	8384.0	11151.0	14797.0	20232.0	27740.0	35822.0	35103.0	12032.0	95.0
S55_R1	3627.0	0.0	0.0	0.0	0.0	0.0	0.0	0.0	0.0	0.0	0.0	0.0	0.0	2.0	0.0	0.0	7.0	15.0	64.0	114.0	217.0	366.0	584.0	918.0	1044.0	1310.0	1781.0	2423.0	3038.0	3910.0	4965.0	6480.0	9040.0	14783.0	30914.0	94175.0	3509.0
S55_R2	3762.0	0.0	0.0	0.0	0.0	0.0	0.0	0.0	0.0	0.0	1.0	0.0	13.0	167.0	651.0	1251.0	1081.0	970.0	1049.0	1169.0	1557.0	2364.0	2713.0	2662.0	2444.0	2621.0	3325.0	4291.0	5570.0	7341.0	10021.0	14114.0	20698.0	30421.0	40304.0	22527.0	199.0
S56_R1	9932.0	0.0	0.0	0.0	0.0	0.0	0.0	0.0	0.0	0.0	0.0	1.0	5.0	4.0	2.0	1.0	3.0	22.0	54.0	143.0	225.0	503.0	786.0	1013.0	930.0	1161.0	1663.0	2223.0	2929.0	3622.0	4377.0	4864.0	5615.0	7573.0	13974.0	70074.0	1550.0
S56_R2	10421.0	0.0	0.0	0.0	0.0	0.0	0.0	0.0	0.0	0.0	1.0	1.0	16.0	124.0	516.0	1018.0	977.0	962.0	989.0	1099.0	1240.0	1428.0	1566.0	1553.0	1687.0	2152.0	2808.0	3650.0	4615.0	5987.0	7846.0	10390.0	14911.0	21012.0	25629.0	10603.0	48.0
S57_R1	13094.0	0.0	0.0	0.0	0.0	0.0	0.0	0.0	0.0	0.0	1.0	1.0	9.0	5.0	4.0	5.0	4.0	26.0	90.0	201.0	389.0	604.0	1139.0	1683.0	1523.0	1989.0	2467.0	3299.0	4436.0	5937.0	7490.0	10180.0	14871.0	25095.0	59218.0	73795.0	1913.0
S57_R2	13481.0	0.0	0.0	0.0	0.0	0.0	0.0	0.0	0.0	0.0	0.0	6.0	41.0	254.0	1131.0	1897.0	1504.0	1329.0	1371.0	1514.0	1822.0	2122.0	2454.0	3113.0	4115.0	5860.0	8042.0	10480.0	13566.0	17714.0	22982.0	30392.0	35341.0	30489.0	15472.0	2922.0	54.0
S58_R1	683.0	0.0	0.0	0.0	0.0	0.0	0.0	0.0	0.0	0.0	0.0	0.0	0.0	2.0	1.0	0.0	6.0	15.0	27.0	52.0	95.0	220.0	493.0	704.0	830.0	1036.0	1216.0	1539.0	2038.0	2542.0	3376.0	4339.0	6025.0	9353.0	20209.0	47697.0	4635.0
S58_R2	757.0	0.0	0.0	0.0	0.0	0.0	0.0	0.0	0.0	0.0	0.0	0.0	10.0	180.0	590.0	1102.0	832.0	552.0	455.0	456.0	526.0	599.0	739.0	804.0	1074.0	1504.0	2210.0	3099.0	4088.0	5194.0	7256.0	9850.0	14006.0	19789.0	22835.0	8524.0	102.0
S59_R1	267.0	0.0	0.0	0.0	0.0	0.0	0.0	0.0	0.0	0.0	0.0	0.0	0.0	0.0	0.0	0.0	4.0	10.0	27.0	68.0	141.0	325.0	685.0	1070.0	1291.0	1572.0	2010.0	2529.0	3219.0	4164.0	5503.0	7451.0	10737.0	17362.0	37497.0	94254.0	13419.0
S59_R2	277.0	0.0	0.0	0.0	0.0	0.0	0.0	0.0	0.0	0.0	0.0	0.0	10.0	198.0	885.0	1608.0	1258.0	905.0	862.0	791.0	855.0	918.0	1021.0	1288.0	1861.0	2698.0	3802.0	5476.0	7115.0	9415.0	12513.0	17568.0	25771.0	38383.0	47829.0	20123.0	175.0
S5_R1	2914.0	0.0	0.0	0.0	0.0	0.0	0.0	0.0	0.0	0.0	0.0	0.0	0.0	0.0	1.0	1.0	2.0	5.0	20.0	55.0	110.0	281.0	554.0	830.0	888.0	1125.0	1418.0	1704.0	2106.0	2640.0	3356.0	4462.0	6120.0	9643.0	20652.0	38505.0	1538.0
S5_R2	3027.0	0.0	0.0	0.0	0.0	0.0	0.0	0.0	0.0	0.0	0.0	0.0	2.0	109.0	459.0	895.0	700.0	550.0	520.0	551.0	598.0	727.0	840.0	1161.0	1519.0	2238.0	3085.0	4056.0	5052.0	6138.0	8087.0	10552.0	13974.0	16539.0	13572.0	3937.0	42.0
S60_R1	1555.0	0.0	0.0	0.0	0.0	0.0	0.0	0.0	0.0	0.0	0.0	0.0	0.0	0.0	0.0	0.0	3.0	13.0	27.0	66.0	119.0	313.0	679.0	991.0	1154.0	1497.0	1875.0	2363.0	3129.0	4068.0	5202.0	6980.0	10092.0	15717.0	29865.0	50279.0	2905.0
S60_R2	1644.0	0.0	0.0	0.0	0.0	0.0	0.0	0.0	0.0	0.0	0.0	0.0	12.0	81.0	463.0	1131.0	1262.0	780.0	698.0	670.0	779.0	935.0	1149.0	1534.0	2324.0	3451.0	4738.0	6320.0	8217.0	10659.0	13551.0	17102.0	20415.0	21144.0	15716.0	4106.0	11.0
S61_R1	2302.0	0.0	0.0	0.0	0.0	0.0	0.0	0.0	0.0	0.0	0.0	0.0	0.0	0.0	0.0	1.0	0.0	3.0	26.0	86.0	159.0	352.0	837.0	1336.0	1536.0	1852.0	2365.0	2900.0	3707.0	4564.0	5785.0	7824.0	11143.0	17913.0	35769.0	69914.0	2384.0
S61_R2	2442.0	0.0	0.0	0.0	0.0	0.0	0.0	0.0	0.0	0.0	0.0	0.0	17.0	287.0	766.0	1037.0	744.0	682.0	606.0	589.0	638.0	725.0	827.0	996.0	1412.0	2121.0	3189.0	4365.0	5753.0	7603.0	10427.0	14678.0	22043.0	33619.0	40785.0	16014.0	393.0
S62_R1	2702.0	0.0	0.0	0.0	0.0	0.0	0.0	0.0	0.0	0.0	0.0	0.0	1.0	0.0	0.0	0.0	5.0	22.0	64.0	135.0	289.0	530.0	1107.0	1736.0	2289.0	3088.0	4032.0	5433.0	7080.0	8771.0	10593.0	12035.0	14463.0	20288.0	39977.0	92477.0	1641.0
S62_R2	2840.0	0.0	0.0	0.0	0.0	0.0	0.0	0.0	0.0	0.0	0.0	0.0	17.0	186.0	810.0	1592.0	1317.0	969.0	950.0	1006.0	1095.0	1277.0	1477.0	1561.0	2026.0	2824.0	3959.0	5443.0	7217.0	9626.0	13332.0	18810.0	28535.0	43608.0	52582.0	25519.0	180.0
S63_R1	19200.0	0.0	0.0	0.0	0.0	0.0	0.0	0.0	0.0	0.0	0.0	0.0	0.0	0.0	0.0	0.0	0.0	17.0	61.0	130.0	305.0	741.0	1027.0	1112.0	743.0	845.0	883.0	1216.0	1526.0	2009.0	2644.0	3625.0	5059.0	8317.0	18119.0	60686.0	3432.0
S63_R2	20123.0	0.0	0.0	0.0	0.0	0.0	0.0	0.0	0.0	0.0	0.0	1.0	36.0	286.0	721.0	1044.0	731.0	657.0	604.0	680.0	747.0	686.0	644.0	740.0	898.0	1238.0	1754.0	2427.0	3269.0	4302.0	6014.0	8700.0	12907.0	19826.0	27259.0	15280.0	123.0
S64_R1	9201.0	0.0	0.0	0.0	0.0	0.0	0.0	0.0	0.0	0.0	0.0	0.0	0.0	0.0	0.0	0.0	5.0	35.0	116.0	224.0	487.0	951.0	1784.0	2001.0	2014.0	2479.0	3095.0	3942.0	4870.0	6436.0	7995.0	10510.0	13530.0	19036.0	27343.0	33625.0	1504.0
S64_R2	10243.0	0.0	0.0	0.0	0.0	0.0	0.0	0.0	0.0	0.0	0.0	0.0	25.0	206.0	684.0	1099.0	1008.0	647.0	530.0	520.0	596.0	516.0	553.0	627.0	728.0	1005.0	1360.0	1804.0	2561.0	3536.0	4952.0	7118.0	10196.0	16694.0	31555.0	50175.0	2245.0
S65_R1	4690.0	0.0	0.0	0.0	0.0	0.0	0.0	0.0	0.0	0.0	0.0	0.0	0.0	0.0	1.0	6.0	7.0	27.0	93.0	204.0	440.0	980.0	2094.0	3022.0	3325.0	3734.0	4240.0	5148.0	6120.0	7084.0	8768.0	11080.0	14769.0	22194.0	43538.0	85405.0	1324.0
S65_R2	5112.0	0.0	0.0	0.0	0.0	0.0	0.0	0.0	0.0	0.0	0.0	0.0	6.0	167.0	868.0	2131.0	2052.0	1298.0	1102.0	1036.0	1059.0	1050.0	1240.0	1543.0	1974.0	2872.0	4124.0	5360.0	6823.0	8252.0	10339.0	13019.0	18031.0	25988.0	45654.0	65283.0	1910.0
S66_R1	19391.0	0.0	0.0	0.0	0.0	0.0	0.0	0.0	0.0	0.0	0.0	0.0	0.0	0.0	0.0	2.0	5.0	28.0	104.0	198.0	337.0	700.0	1450.0	1625.0	1067.0	1216.0	1486.0	1734.0	2171.0	2521.0	3049.0	3985.0	5321.0	7994.0	15287.0	35505.0	1675.0
S66_R2	20629.0	0.0	0.0	0.0	0.0	0.0	0.0	0.0	0.0	0.0	0.0	0.0	16.0	92.0	383.0	706.0	703.0	528.0	484.0	652.0	838.0	798.0	804.0	848.0	934.0	1206.0	1677.0	2026.0	2634.0	3220.0	3922.0	4936.0	6361.0	9233.0	15788.0	25797.0	1636.0
S67_R1	8396.0	0.0	0.0	0.0	0.0	0.0	0.0	0.0	0.0	0.0	0.0	0.0	0.0	0.0	0.0	1.0	5.0	21.0	67.0	160.0	284.0	571.0	1015.0	1420.0	1412.0	1729.0	2249.0	2978.0	3902.0	5139.0	6589.0	8802.0	12011.0	18521.0	35140.0	135989.0	1322.0
S67_R2	8930.0	0.0	0.0	0.0	0.0	0.0	0.0	0.0	0.0	0.0	0.0	0.0	6.0	121.0	599.0	1619.0	1871.0	1256.0	1179.0	1269.0	1448.0	1659.0	1890.0	1969.0	2033.0	2314.0	2832.0	4095.0	5311.0	6874.0	8707.0	11390.0	15709.0	23292.0	40790.0	91744.0	8816.0
S68_R1	1311.0	0.0	0.0	0.0	0.0	0.0	0.0	0.0	0.0	0.0	0.0	0.0	0.0	0.0	0.0	1.0	2.0	4.0	14.0	34.0	57.0	156.0	291.0	421.0	493.0	649.0	837.0	1124.0	1502.0	1951.0	2447.0	3374.0	4654.0	6875.0	12904.0	28108.0	3001.0
S68_R2	1362.0	0.0	0.0	0.0	0.0	0.0	0.0	0.0	0.0	0.0	0.0	0.0	4.0	61.0	196.0	396.0	375.0	283.0	265.0	279.0	289.0	368.0	453.0	505.0	688.0	940.0	1368.0	1949.0	2513.0	3164.0	3926.0	4831.0	6413.0	8920.0	13848.0	16282.0	532.0
S69_R1	4188.0	0.0	0.0	0.0	0.0	0.0	0.0	0.0	0.0	0.0	0.0	0.0	0.0	0.0	0.0	0.0	1.0	13.0	43.0	113.0	240.0	517.0	897.0	1320.0	1761.0	2266.0	2944.0	3985.0	5113.0	6854.0	8578.0	10652.0	13883.0	20061.0	35243.0	73472.0	4862.0
S69_R2	4421.0	0.0	0.0	0.0	0.0	0.0	0.0	0.0	0.0	0.0	0.0	0.0	5.0	112.0	557.0	1278.0	1495.0	1141.0	1017.0	1041.0	1274.0	1376.0	1721.0	2266.0	3013.0	4513.0	6052.0	7706.0	9561.0	11079.0	13164.0	16030.0	19815.0	25886.0	33674.0	27682.0	1127.0
S6_R1	319.0	0.0	0.0	0.0	0.0	0.0	0.0	0.0	0.0	0.0	0.0	1.0	8.0	3.0	2.0	2.0	7.0	10.0	42.0	80.0	164.0	312.0	596.0	1021.0	1301.0	1590.0	2012.0	2741.0	3494.0	4559.0	5998.0	7823.0	11292.0	17934.0	37938.0	100426.0	11839.0
S6_R2	354.0	0.0	0.0	0.0	0.0	0.0	0.0	0.0	0.0	0.0	0.0	2.0	27.0	258.0	845.0	1716.0	1411.0	921.0	804.0	762.0	736.0	793.0	919.0	1133.0	1628.0	2451.0	3607.0	5062.0	6818.0	9035.0	12061.0	16881.0	24918.0	38068.0	50305.0	29419.0	580.0
S70_R1	11360.0	0.0	0.0	0.0	0.0	0.0	0.0	0.0	0.0	0.0	0.0	0.0	0.0	0.0	0.0	0.0	11.0	34.0	98.0	260.0	478.0	898.0	1663.0	2473.0	2494.0	3305.0	4366.0	5620.0	7241.0	8744.0	10662.0	13232.0	17397.0	25737.0	48784.0	82327.0	1136.0
S70_R2	12157.0	0.0	0.0	0.0	0.0	0.0	0.0	0.0	0.0	0.0	0.0	0.0	39.0	323.0	1075.0	2099.0	1680.0	1103.0	955.0	1076.0	1149.0	1250.0	1457.0	1601.0	1808.0	2263.0	3074.0	4171.0	5653.0	7282.0	9323.0	12826.0	17213.0	25631.0	45930.0	82244.0	4938.0
S71_R1	5153.0	0.0	0.0	0.0	0.0	0.0	0.0	0.0	0.0	0.0	0.0	2.0	2.0	1.0	5.0	7.0	14.0	12.0	69.0	131.0	277.0	570.0	1121.0	1721.0	1959.0	2332.0	2919.0	3551.0	4455.0	5557.0	7125.0	8923.0	12047.0	17545.0	32024.0	56231.0	3430.0
S71_R2	5473.0	0.0	0.0	0.0	0.0	0.0	0.0	0.0	0.0	0.0	0.0	2.0	14.0	114.0	506.0	1360.0	1372.0	986.0	894.0	954.0	1084.0	1182.0	1319.0	1603.0	2240.0	3298.0	4677.0	5874.0	7401.0	8948.0	10503.0	13359.0	16717.0	22237.0	30369.0	24338.0	359.0
S72_R1	7795.0	0.0	0.0	0.0	0.0	0.0	0.0	0.0	0.0	0.0	0.0	0.0	0.0	0.0	0.0	5.0	17.0	33.0	119.0	209.0	391.0	801.0	1318.0	1734.0	1903.0	2298.0	2865.0	3643.0	4703.0	5572.0	7034.0	8880.0	11994.0	17552.0	33033.0	44620.0	3723.0
S72_R2	8855.0	0.0	0.0	0.0	0.0	0.0	0.0	0.0	0.0	0.0	0.0	1.0	22.0	190.0	598.0	1145.0	1012.0	820.0	716.0	805.0	1001.0	1069.0	1349.0	1508.0	1764.0	1990.0	2385.0	3025.0	3876.0	5154.0	6437.0	8469.0	11520.0	17423.0	31103.0	45633.0	2372.0
S73_R1	3887.0	0.0	0.0	0.0	0.0	0.0	0.0	0.0	0.0	0.0	0.0	0.0	0.0	0.0	0.0	0.0	4.0	8.0	31.0	76.0	134.0	347.0	569.0	766.0	895.0	1104.0	1333.0	1678.0	2087.0	2684.0	3190.0	4166.0	5587.0	8136.0	16388.0	34742.0	2736.0
S73_R2	4169.0	0.0	0.0	0.0	0.0	0.0	0.0	0.0	0.0	0.0	0.0	0.0	4.0	56.0	241.0	484.0	491.0	329.0	308.0	326.0	297.0	297.0	334.0	410.0	520.0	784.0	1112.0	1489.0	2029.0	2644.0	3362.0	4544.0	6129.0	9235.0	16531.0	30850.0	3573.0
S74_R1	22893.0	0.0	0.0	0.0	0.0	0.0	0.0	0.0	0.0	0.0	0.0	0.0	0.0	0.0	0.0	0.0	4.0	29.0	127.0	262.0	499.0	1010.0	1639.0	2040.0	1329.0	1445.0	1738.0	2345.0	2844.0	3550.0	4449.0	5834.0	7676.0	11455.0	21609.0	62838.0	563.0
S74_R2	24684.0	0.0	0.0	0.0	0.0	0.0	0.0	0.0	0.0	0.0	0.0	0.0	21.0	214.0	734.0	1450.0	1324.0	970.0	829.0	933.0	1156.0	1105.0	1037.0	1027.0	1230.0	1390.0	2060.0	2669.0	3476.0	4465.0	5560.0	7386.0	10215.0	15138.0	25638.0	39938.0	1529.0
S75_R1	11313.0	0.0	0.0	0.0	0.0	0.0	0.0	0.0	0.0	0.0	0.0	0.0	0.0	0.0	1.0	1.0	7.0	35.0	87.0	223.0	346.0	756.0	1334.0	1616.0	1586.0	1942.0	2331.0	3023.0	3863.0	4981.0	6198.0	8204.0	11592.0	17491.0	33452.0	95923.0	959.0
S75_R2	12099.0	0.0	0.0	0.0	0.0	0.0	0.0	0.0	0.0	0.0	0.0	0.0	16.0	162.0	637.0	1413.0	1391.0	1091.0	992.0	1021.0	1238.0	1227.0	1395.0	1481.0	1709.0	2219.0	2969.0	3783.0	5200.0	6524.0	8282.0	10923.0	14675.0	21406.0	36387.0	64993.0	4031.0
S76_R1	8587.0	0.0	0.0	0.0	0.0	0.0	0.0	0.0	0.0	0.0	0.0	0.0	0.0	0.0	0.0	0.0	5.0	27.0	77.0	162.0	274.0	552.0	768.0	631.0	387.0	440.0	549.0	581.0	758.0	935.0	1125.0	1344.0	1872.0	2596.0	3906.0	4651.0	36.0
S76_R2	9633.0	0.0	0.0	0.0	0.0	0.0	0.0	0.0	0.0	0.0	0.0	0.0	8.0	67.0	218.0	333.0	348.0	227.0	201.0	219.0	257.0	262.0	207.0	216.0	242.0	294.0	315.0	364.0	467.0	580.0	738.0	987.0	1397.0	2179.0	3934.0	6330.0	240.0
S77_R1	9400.0	0.0	0.0	0.0	0.0	0.0	0.0	0.0	0.0	0.0	0.0	1.0	1.0	2.0	2.0	1.0	6.0	19.0	59.0	123.0	239.0	462.0	839.0	908.0	852.0	1037.0	1188.0	1620.0	2109.0	2680.0	3510.0	4722.0	6386.0	9564.0	17716.0	53729.0	726.0
S77_R2	9910.0	0.0	0.0	0.0	0.0	0.0	0.0	0.0	0.0	0.0	0.0	3.0	9.0	85.0	359.0	792.0	871.0	764.0	751.0	903.0	1045.0	1269.0	1360.0	1485.0	1639.0	2106.0	2899.0	3873.0	4712.0	5618.0	6754.0	8228.0	10708.0	14125.0	19663.0	17710.0	260.0
S78_R1	5365.0	0.0	0.0	0.0	0.0	0.0	0.0	0.0	0.0	0.0	0.0	0.0	0.0	0.0	0.0	0.0	5.0	25.0	83.0	162.0	347.0	711.0	1400.0	1966.0	2561.0	3107.0	3880.0	5015.0	6271.0	8018.0	10078.0	12996.0	17493.0	25569.0	45962.0	78590.0	2137.0
S78_R2	5767.0	0.0	0.0	0.0	0.0	0.0	0.0	0.0	0.0	0.0	0.0	0.0	7.0	109.0	503.0	1390.0	1612.0	1267.0	1260.0	1312.0	1538.0	1837.0	2199.0	2604.0	3486.0	5084.0	7266.0	9078.0	11064.0	12696.0	15299.0	18819.0	23376.0	31705.0	42109.0	29873.0	481.0
S79_R1	7877.0	0.0	0.0	0.0	0.0	0.0	0.0	0.0	0.0	0.0	0.0	0.0	0.0	0.0	0.0	0.0	3.0	26.0	127.0	320.0	638.0	1245.0	2035.0	2385.0	2437.0	3036.0	3941.0	5067.0	6490.0	7773.0	9334.0	11485.0	14373.0	18247.0	23775.0	19527.0	484.0
S79_R2	9308.0	0.0	0.0	0.0	0.0	0.0	0.0	0.0	0.0	0.0	0.0	0.0	29.0	316.0	958.0	1501.0	1228.0	767.0	564.0	566.0	625.0	548.0	509.0	575.0	749.0	1017.0	1376.0	1821.0	2509.0	3418.0	4482.0	6110.0	9076.0	14611.0	27926.0	45577.0	4459.0
S7_R1	1100.0	0.0	0.0	0.0	0.0	0.0	0.0	0.0	0.0	0.0	0.0	0.0	0.0	0.0	0.0	2.0	4.0	18.0	50.0	88.0	190.0	344.0	664.0	1086.0	1548.0	2067.0	3054.0	4252.0	5458.0	6334.0	6897.0	7002.0	7225.0	8173.0	14659.0	45176.0	1660.0
S7_R2	1174.0	0.0	0.0	0.0	0.0	0.0	0.0	0.0	0.0	0.0	0.0	0.0	13.0	175.0	616.0	1095.0	842.0	566.0	568.0	770.0	953.0	1487.0	1947.0	1640.0	1358.0	1542.0	1881.0	2545.0	3449.0	4782.0	6144.0	8264.0	12437.0	19673.0	27920.0	15143.0	67.0
S80_R1	46257.0	0.0	0.0	0.0	0.0	0.0	0.0	0.0	0.0	0.0	0.0	1.0	2.0	2.0	3.0	6.0	10.0	34.0	98.0	244.0	531.0	1353.0	1782.0	1553.0	724.0	552.0	579.0	661.0	881.0	1142.0	1478.0	1863.0	2692.0	4015.0	7187.0	21693.0	1057.0
S80_R2	47560.0	0.0	0.0	0.0	0.0	0.0	0.0	0.0	0.0	0.0	0.0	3.0	26.0	146.0	593.0	959.0	997.0	937.0	1199.0	1375.0	1452.0	1319.0	1171.0	1339.0	1690.0	2110.0	2611.0	2968.0	3285.0	3366.0	3722.0	3939.0	4221.0	4287.0	3624.0	1495.0	6.0
S81_R1	11358.0	0.0	0.0	0.0	0.0	0.0	0.0	0.0	0.0	0.0	0.0	0.0	0.0	0.0	0.0	2.0	9.0	43.0	142.0	211.0	394.0	730.0	1221.0	953.0	731.0	791.0	877.0	1026.0	1194.0	1397.0	1727.0	2132.0	2699.0	3750.0	5767.0	9158.0	331.0
S81_R2	12462.0	0.0	0.0	0.0	0.0	0.0	0.0	0.0	0.0	0.0	0.0	0.0	23.0	162.0	368.0	630.0	591.0	499.0	491.0	573.0	788.0	793.0	763.0	795.0	820.0	693.0	704.0	845.0	1052.0	1201.0	1441.0	1843.0	2491.0	3568.0	5661.0	7202.0	184.0
S82_R1	11134.0	0.0	0.0	0.0	0.0	0.0	0.0	0.0	0.0	0.0	0.0	0.0	0.0	1.0	1.0	0.0	6.0	29.0	120.0	260.0	482.0	983.0	2120.0	2833.0	2845.0	3556.0	4501.0	5672.0	7124.0	8883.0	11411.0	14525.0	19327.0	28857.0	56165.0	121291.0	10599.0
S82_R2	11821.0	0.0	0.0	0.0	0.0	0.0	0.0	0.0	0.0	0.0	0.0	0.0	6.0	149.0	797.0	2429.0	3130.0	2075.0	1568.0	1403.0	1529.0	1598.0	1634.0	2018.0	2718.0	3822.0	5305.0	7204.0	9154.0	11499.0	14572.0	18609.0	25210.0	36618.0	61274.0	83091.0	3492.0
S83_R1	4405.0	0.0	0.0	0.0	0.0	0.0	0.0	0.0	0.0	0.0	0.0	0.0	1.0	0.0	3.0	0.0	2.0	9.0	47.0	89.0	187.0	378.0	671.0	957.0	1004.0	1262.0	1715.0	2226.0	2948.0	3867.0	5194.0	7149.0	10426.0	17166.0	36985.0	102381.0	18446.0
S83_R2	4648.0	0.0	0.0	0.0	0.0	0.0	0.0	0.0	0.0	0.0	0.0	0.0	14.0	182.0	719.0	1532.0	1231.0	982.0	978.0	871.0	1056.0	1130.0	1290.0	1463.0	1919.0	2732.0	3797.0	5382.0	7228.0	9637.0	12897.0	17876.0	26118.0	39108.0	50229.0	24306.0	193.0
S84_R1	8027.0	0.0	0.0	0.0	0.0	0.0	0.0	0.0	0.0	0.0	0.0	0.0	0.0	0.0	0.0	0.0	4.0	19.0	68.0	154.0	309.0	616.0	976.0	1217.0	1267.0	1503.0	2055.0	2852.0	3763.0	4936.0	6479.0	8598.0	12253.0	18867.0	36411.0	158620.0	1214.0
S84_R2	8769.0	0.0	0.0	0.0	0.0	0.0	0.0	0.0	0.0	0.0	0.0	0.0	26.0	237.0	853.0	1629.0	1602.0	1137.0	1073.0	1039.0	1096.0	1115.0	1247.0	1422.0	1540.0	1836.0	2416.0	3355.0	4563.0	6196.0	7924.0	10729.0	15111.0	22680.0	40449.0	111823.0	20341.0
S85_R1	6674.0	0.0	0.0	0.0	0.0	0.0	0.0	0.0	0.0	0.0	0.0	0.0	0.0	0.0	3.0	4.0	10.0	41.0	150.0	356.0	669.0	1480.0	2924.0	4015.0	4817.0	5742.0	7091.0	9089.0	11273.0	13804.0	17270.0	22363.0	30339.0	44547.0	78064.0	79421.0	2051.0
S85_R2	7303.0	0.0	0.0	0.0	0.0	0.0	0.0	0.0	0.0	0.0	0.0	0.0	25.0	227.0	939.0	2258.0	2286.0	1707.0	1710.0	1939.0	2321.0	2783.0	3520.0	4533.0	6126.0	8814.0	11502.0	14912.0	18373.0	22540.0	27891.0	34423.0	42006.0	51572.0	51714.0	20605.0	168.0
S86_R1	12520.0	0.0	0.0	0.0	0.0	0.0	0.0	0.0	0.0	0.0	0.0	0.0	0.0	0.0	0.0	0.0	2.0	15.0	68.0	123.0	243.0	536.0	902.0	966.0	777.0	895.0	1050.0	1282.0	1487.0	1856.0	2405.0	3048.0	4137.0	6299.0	11446.0	29411.0	908.0
S86_R2	13182.0	0.0	0.0	0.0	0.0	0.0	0.0	0.0	0.0	0.0	0.0	0.0	13.0	101.0	395.0	845.0	883.0	694.0	681.0	747.0	818.0	906.0	799.0	996.0	1106.0	1438.0	1849.0	2374.0	2895.0	3350.0	4097.0	5011.0	6194.0	8461.0	11798.0	10563.0	180.0
S87_R1	6084.0	0.0	0.0	0.0	0.0	0.0	0.0	0.0	0.0	0.0	0.0	1.0	1.0	1.0	0.0	7.0	17.0	46.0	95.0	174.0	313.0	637.0	970.0	1232.0	1282.0	1721.0	2208.0	2925.0	3831.0	4964.0	6369.0	8800.0	12309.0	19018.0	35757.0	133818.0	1434.0
S87_R2	6457.0	0.0	0.0	0.0	0.0	0.0	0.0	0.0	0.0	0.0	0.0	1.0	20.0	158.0	675.0	1545.0	1604.0	1277.0	1285.0	1283.0	1448.0	1639.0	1836.0	1930.0	2242.0	2716.0	3516.0	4979.0	6263.0	8069.0	10133.0	13307.0	18238.0	26686.0	44857.0	78384.0	3466.0
S89_R1	5110.0	0.0	0.0	0.0	0.0	0.0	0.0	0.0	0.0	0.0	0.0	0.0	0.0	0.0	0.0	1.0	3.0	19.0	47.0	135.0	281.0	637.0	1123.0	1651.0	1822.0	2120.0	2710.0	3398.0	4275.0	5381.0	6707.0	8640.0	11970.0	17816.0	33058.0	63994.0	5256.0
S89_R2	6483.0	0.0	0.0	0.0	0.0	0.0	0.0	0.0	0.0	0.0	0.0	0.0	5.0	97.0	404.0	1200.0	1497.0	1045.0	799.0	806.0	848.0	822.0	931.0	1166.0	1432.0	2018.0	2784.0	3793.0	4932.0	6275.0	8019.0	10508.0	14080.0	20857.0	35298.0	47838.0	2217.0
S8_R1	11916.0	0.0	0.0	0.0	0.0	0.0	0.0	0.0	0.0	0.0	0.0	1.0	6.0	2.0	3.0	4.0	7.0	26.0	79.0	206.0	407.0	755.0	1449.0	2015.0	2242.0	3179.0	4420.0	6329.0	8198.0	9837.0	10541.0	10012.0	8194.0	6443.0	7507.0	23627.0	1549.0
S8_R2	12456.0	0.0	0.0	0.0	0.0	0.0	0.0	0.0	0.0	0.0	0.0	2.0	22.0	164.0	513.0	920.0	873.0	923.0	947.0	1140.0	1303.0	1644.0	1775.0	1538.0	1578.0	1830.0	2336.0	3021.0	3954.0	4984.0	6768.0	9017.0	12802.0	18297.0	21702.0	8395.0	50.0
S90_R1	7201.0	0.0	0.0	0.0	0.0	0.0	0.0	0.0	0.0	0.0	0.0	0.0	0.0	0.0	0.0	1.0	2.0	12.0	76.0	159.0	270.0	612.0	1095.0	1627.0	1671.0	2233.0	2993.0	4042.0	4842.0	5184.0	4871.0	4257.0	3483.0	3337.0	5038.0	13104.0	603.0
S90_R2	7795.0	0.0	0.0	0.0	0.0	0.0	0.0	0.0	0.0	0.0	0.0	0.0	9.0	110.0	360.0	721.0	736.0	519.0	451.0	497.0	634.0	635.0	672.0	655.0	720.0	776.0	953.0	1249.0	1551.0	1923.0	2483.0	3194.0	4085.0	6149.0	10342.0	18602.0	892.0
S91_R1	13450.0	0.0	0.0	0.0	0.0	0.0	0.0	0.0	0.0	0.0	0.0	0.0	0.0	0.0	0.0	0.0	3.0	8.0	74.0	163.0	336.0	765.0	1508.0	1848.0	1660.0	2057.0	2520.0	3192.0	4137.0	5320.0	6822.0	8825.0	12023.0	17732.0	33044.0	89965.0	13271.0
S91_R2	14278.0	0.0	0.0	0.0	0.0	0.0	0.0	0.0	0.0	0.0	0.0	0.0	17.0	168.0	641.0	1324.0	1382.0	1043.0	1066.0	1141.0	1181.0	1260.0	1441.0	1830.0	2507.0	3583.0	4984.0	6681.0	7935.0	9485.0	11649.0	14522.0	18770.0	26596.0	40482.0	41981.0	2776.0
S92_R1	8791.0	0.0	0.0	0.0	0.0	0.0	0.0	0.0	0.0	0.0	0.0	0.0	0.0	0.0	1.0	2.0	8.0	42.0	108.0	237.0	428.0	783.0	1267.0	1181.0	1007.0	1217.0	1494.0	1763.0	2390.0	2979.0	3447.0	4658.0	6182.0	8500.0	12553.0	15101.0	192.0
S92_R2	10085.0	0.0	0.0	0.0	0.0	0.0	0.0	0.0	0.0	0.0	0.0	0.0	18.0	154.0	468.0	908.0	754.0	527.0	450.0	479.0	615.0	581.0	577.0	593.0	689.0	685.0	872.0	1194.0	1467.0	2000.0	2400.0	3405.0	4757.0	7590.0	13244.0	19327.0	492.0
S93_R1	16703.0	0.0	0.0	0.0	0.0	0.0	0.0	0.0	0.0	0.0	0.0	0.0	0.0	0.0	0.0	0.0	4.0	23.0	99.0	201.0	418.0	1026.0	1886.0	2618.0	2635.0	3000.0	3760.0	4538.0	5727.0	7142.0	8991.0	11707.0	15884.0	23575.0	47712.0	102684.0	7797.0
S93_R2	17767.0	0.0	0.0	0.0	0.0	0.0	0.0	0.0	0.0	0.0	0.0	0.0	9.0	148.0	578.0	1500.0	1548.0	1100.0	987.0	973.0	1114.0	1023.0	1121.0	1314.0	1588.0	2233.0	3181.0	4502.0	5988.0	7756.0	9938.0	12924.0	17547.0	25697.0	46737.0	94055.0	6802.0
S94_R1	31092.0	0.0	0.0	0.0	0.0	0.0	0.0	0.0	0.0	0.0	0.0	0.0	0.0	0.0	0.0	0.0	1.0	31.0	104.0	237.0	476.0	1052.0	1972.0	2373.0	1598.0	1385.0	1498.0	1606.0	1862.0	2203.0	2626.0	3344.0	4407.0	6392.0	12606.0	15972.0	365.0
S94_R2	33513.0	0.0	0.0	0.0	0.0	0.0	0.0	0.0	0.0	0.0	0.0	0.0	38.0	233.0	610.0	897.0	684.0	535.0	470.0	602.0	728.0	623.0	425.0	463.0	510.0	779.0	1052.0	1486.0	1774.0	2120.0	2755.0	3442.0	4487.0	6626.0	11554.0	16023.0	773.0
S95_R1	10364.0	0.0	0.0	0.0	0.0	0.0	0.0	0.0	0.0	0.0	0.0	0.0	0.0	0.0	0.0	0.0	2.0	12.0	32.0	105.0	184.0	361.0	668.0	846.0	676.0	838.0	1135.0	1549.0	1794.0	2015.0	2024.0	1653.0	1263.0	1005.0	1355.0	3362.0	200.0
S95_R2	11018.0	0.0	0.0	0.0	0.0	0.0	0.0	0.0	0.0	0.0	0.0	0.0	9.0	53.0	148.0	223.0	224.0	141.0	149.0	180.0	253.0	222.0	146.0	194.0	169.0	144.0	209.0	276.0	327.0	452.0	578.0	860.0	1139.0	1742.0	2945.0	8271.0	1371.0
S96_R1	3159.0	0.0	0.0	0.0	0.0	0.0	0.0	0.0	0.0	0.0	0.0	0.0	0.0	0.0	0.0	1.0	2.0	13.0	81.0	180.0	373.0	846.0	1954.0	2662.0	2969.0	3478.0	4077.0	5125.0	6342.0	7796.0	9755.0	12251.0	16672.0	25176.0	46178.0	76583.0	2207.0
S96_R2	3356.0	0.0	0.0	0.0	0.0	0.0	0.0	0.0	0.0	0.0	0.0	0.0	5.0	112.0	590.0	1658.0	1823.0	1235.0	963.0	853.0	939.0	903.0	1058.0	1258.0	1735.0	2395.0	3363.0	4736.0	6094.0	7667.0	9771.0	12618.0	17535.0	26095.0	46907.0	69974.0	4237.0
S97_R1	8771.0	0.0	0.0	0.0	0.0	0.0	0.0	0.0	0.0	0.0	0.0	0.0	0.0	0.0	1.0	1.0	6.0	33.0	92.0	199.0	401.0	803.0	1364.0	1684.0	1649.0	2064.0	2736.0	3755.0	4879.0	6386.0	8482.0	11200.0	15591.0	24130.0	45074.0	176868.0	1083.0
S97_R2	9758.0	0.0	0.0	0.0	0.0	0.0	0.0	0.0	0.0	0.0	0.0	2.0	10.0	210.0	1023.0	2561.0	2412.0	1683.0	1347.0	1367.0	1366.0	1378.0	1567.0	1775.0	1972.0	2500.0	3431.0	5096.0	6529.0	8655.0	11046.0	14646.0	20200.0	29777.0	52779.0	119989.0	14173.0
S98_R1	7079.0	0.0	0.0	0.0	0.0	0.0	0.0	0.0	0.0	0.0	0.0	3.0	5.0	4.0	20.0	54.0	59.0	76.0	141.0	291.0	622.0	1500.0	3200.0	4837.0	5493.0	6233.0	7324.0	8893.0	10614.0	12797.0	15887.0	20150.0	26940.0	40554.0	80105.0	130322.0	13531.0
S98_R2	7471.0	0.0	0.0	0.0	0.0	0.0	0.0	0.0	0.0	0.0	0.0	5.0	21.0	199.0	1012.0	2445.0	2473.0	1728.0	1546.0	1718.0	1656.0	1908.0	2191.0	2687.0	3758.0	5552.0	7883.0	10537.0	12976.0	16285.0	20219.0	25311.0	33854.0	49675.0	83225.0	98255.0	2144.0
S99_R1	3406.0	0.0	0.0	0.0	0.0	0.0	0.0	0.0	0.0	0.0	0.0	0.0	0.0	1.0	0.0	2.0	3.0	23.0	63.0	165.0	307.0	716.0	1355.0	1975.0	2264.0	2795.0	3551.0	4313.0	5356.0	6651.0	8189.0	10777.0	14531.0	22190.0	41914.0	61159.0	1383.0
S99_R2	3704.0	0.0	0.0	0.0	0.0	0.0	0.0	0.0	0.0	0.0	0.0	1.0	8.0	174.0	720.0	1459.0	1356.0	924.0	814.0	825.0	827.0	875.0	976.0	1322.0	1787.0	2666.0	3836.0	4997.0	6449.0	8293.0	10434.0	13800.0	18587.0	27475.0	40633.0	39141.0	1006.0
S9_R1	915.0	0.0	0.0	0.0	0.0	0.0	0.0	0.0	0.0	0.0	0.0	0.0	0.0	0.0	0.0	1.0	1.0	6.0	8.0	26.0	42.0	113.0	179.0	237.0	214.0	317.0	398.0	540.0	728.0	934.0	1252.0	1840.0	2756.0	4523.0	9713.0	54925.0	202.0
S9_R2	1000.0	0.0	0.0	0.0	0.0	0.0	0.0	0.0	0.0	0.0	0.0	0.0	4.0	82.0	455.0	801.0	618.0	417.0	343.0	334.0	329.0	361.0	395.0	427.0	538.0	738.0	1049.0	1325.0	1856.0	2572.0	3532.0	5046.0	7583.0	12448.0	20991.0	16549.0	77.0
