Sample	FastQC_mqc-generalstats-fastqc-percent_duplicates	FastQC_mqc-generalstats-fastqc-percent_gc	FastQC_mqc-generalstats-fastqc-avg_sequence_length	FastQC_mqc-generalstats-fastqc-percent_fails	FastQC_mqc-generalstats-fastqc-total_sequences
S100_R1	73.33117534205478	55.0	248.61130892697832	27.27272727272727	126661.0
S100_R2	36.59374235163152	54.0	248.83345307553233	27.27272727272727	126661.0
S101_R1	65.5682738656433	51.0	248.0750727024048	36.36363636363637	150614.0
S101_R2	41.16018431221533	50.0	247.3746663656765	27.27272727272727	150614.0
S102_R1	74.2709781157169	51.0	245.2245183004933	36.36363636363637	146772.0
S102_R2	43.85782029269888	50.0	244.93994086065462	27.27272727272727	146772.0
S103_R1	82.60449317941044	51.0	248.3242073590284	36.36363636363637	366244.0
S103_R2	59.12862147251894	49.0	248.1442262535359	36.36363636363637	366244.0
S104_R1	82.86068399468914	53.0	245.86562686756105	36.36363636363637	339681.0
S104_R2	63.86820912908285	52.0	245.49036007312745	36.36363636363637	339681.0
S105_R1	74.691990914086	53.0	240.81415793856246	36.36363636363637	176537.0
S105_R2	47.16688286308253	51.0	240.44526643139966	27.27272727272727	176537.0
S106_R1	84.10880981942273	53.0	250.5613287052734	27.27272727272727	409963.0
S106_R2	55.957490899423256	52.0	250.556728290114	27.27272727272727	409963.0
S107_R1	76.45169610179067	52.0	222.16776178428435	36.36363636363637	162844.0
S107_R2	57.08715089287907	50.0	221.10849647515414	36.36363636363637	162844.0
S10_R1	72.46120836277049	52.0	249.66336534352078	27.27272727272727	229302.0
S10_R2	36.999182667288764	50.0	249.69716792701328	18.181818181818183	229302.0
S110_R1	81.26453708716838	53.0	239.19363075257175	36.36363636363637	461750.0
S110_R2	67.45050316994269	51.0	238.89350514347592	36.36363636363637	461750.0
S112_R1	66.24747270521634	54.0	247.6772745653053	36.36363636363637	49460.0
S112_R2	24.401536595228464	52.0	247.5580469065912	27.27272727272727	49460.0
S113_R1	79.73583969409944	52.0	246.68066083859952	36.36363636363637	342595.0
S113_R2	51.40094976966763	50.0	246.49144616821613	36.36363636363637	342595.0
S114_R1	79.92776229203724	50.0	247.7337321708458	36.36363636363637	331129.0
S114_R2	51.554036633370934	49.0	247.51893370861507	36.36363636363637	331129.0
S115_R1	71.3040293040293	49.0	237.71520146520146	36.36363636363637	109200.0
S115_R2	35.532051282051285	48.0	236.99563186813188	27.27272727272727	109200.0
S117_R1	81.25225592818694	54.0	249.60150892170557	27.27272727272727	254884.0
S117_R2	49.233531678529694	53.0	249.7588824720265	18.181818181818183	254884.0
S119_R1	84.94402129157085	52.0	244.17892385242936	36.36363636363637	350937.0
S119_R2	70.73528238133663	50.0	244.0824449972502	36.36363636363637	350937.0
S122_R1	82.24345606772698	53.0	244.78122568396154	36.36363636363637	353419.0
S122_R2	73.46605587135949	51.0	244.14272011408553	36.36363636363637	353419.0
S123_R1	75.85207763841693	53.0	246.2198189736524	36.36363636363637	225713.0
S123_R2	49.66913403044468	51.0	245.9154590121083	27.27272727272727	225713.0
S124_R1	71.54217349094854	51.0	245.45190880018274	36.36363636363637	140088.0
S124_R2	42.469019473473814	49.0	244.48765061961052	27.27272727272727	140088.0
S125_R1	78.00583464723043	53.0	237.50318639715255	36.36363636363637	105919.0
S125_R2	58.33608700988491	51.0	234.95467291043155	36.36363636363637	105919.0
S126_R1	79.50565290679661	53.0	246.16951106163322	36.36363636363637	380866.0
S126_R2	49.38765832044215	51.0	245.86772775726897	27.27272727272727	380866.0
S127_R1	83.60099609316751	52.0	249.22390474486295	27.27272727272727	536496.0
S127_R2	70.12840219397988	51.0	249.0092843189884	27.27272727272727	536496.0
S128_R1	86.1790779720894	53.0	243.8701858015869	36.36363636363637	210601.0
S128_R2	72.29120469513441	51.0	243.3109339461826	36.36363636363637	210601.0
S129_R1	75.11430654032205	52.0	232.58798842577252	36.36363636363637	90546.0
S129_R2	54.83952907914209	50.0	231.73145141695935	36.36363636363637	90546.0
S130_R1	78.99703201241957	53.0	247.86232825581004	27.27272727272727	387131.0
S130_R2	52.54920496449831	51.0	248.04400319271772	27.27272727272727	387131.0
S131_R1	83.61272712233588	52.0	242.53719429816095	36.36363636363637	217614.0
S131_R2	64.8616357403476	51.0	242.35443951216374	36.36363636363637	217614.0
S132_R1	64.10810000374826	52.0	233.36086060197158	36.36363636363637	133395.0
S132_R2	35.34090483151543	51.0	230.54091232804828	27.27272727272727	133395.0
S133_R1	82.97503353947842	52.0	243.15008507575013	36.36363636363637	244488.0
S133_R2	67.7194790746376	51.0	243.08130051372663	36.36363636363637	244488.0
S134_R1	75.06111435958492	52.0	223.3821285409343	36.36363636363637	141947.0
S134_R2	56.976195340514415	50.0	221.4339154754944	36.36363636363637	141947.0
S135_R1	78.43762678655659	49.0	249.23784910626816	27.27272727272727	303167.0
S135_R2	54.033981769743384	48.0	249.09437042949926	27.27272727272727	303167.0
S136_R1	76.36845225720512	52.0	247.80883632471722	36.36363636363637	129873.0
S136_R2	58.83901965766557	51.0	247.16116513825045	36.36363636363637	129873.0
S138_R1	71.72736487709517	52.0	239.72712051551244	36.36363636363637	110492.0
S138_R2	35.729283568041126	51.0	238.84696629620245	27.27272727272727	110492.0
S139_R1	81.0687643881707	49.0	248.40320634850363	36.36363636363637	361408.0
S139_R2	60.56620168357915	48.0	248.12823457145387	36.36363636363637	361408.0
S13_R1	84.76384487089483	52.0	249.88346650326466	27.27272727272727	246427.0
S13_R2	56.06113260414845	51.0	249.7242672272113	27.27272727272727	246427.0
S140_R1	62.84349587351492	52.0	217.50917500529036	36.36363636363637	33079.0
S140_R2	34.60201336195169	50.0	215.61147555851144	27.27272727272727	33079.0
S141_R1	77.289456592336	53.0	243.842594253549	36.36363636363637	161665.0
S141_R2	48.10441344756131	51.0	243.25041289085453	36.36363636363637	161665.0
S142_R1	60.941991115756466	52.0	243.74788781465028	36.36363636363637	45924.0
S142_R2	34.10852713178295	50.0	242.92304677292918	27.27272727272727	45924.0
S144_R1	81.2205652545149	52.0	248.28807251754674	36.36363636363637	372434.0
S144_R2	54.870205434207286	51.0	247.9392107057895	36.36363636363637	372434.0
S145_R1	62.48543616341564	52.0	244.31124328184313	36.36363636363637	106428.0
S145_R2	34.40635922877439	50.0	242.58369038223023	27.27272727272727	106428.0
S14_R1	85.10815423896715	52.0	245.76477673858346	36.36363636363637	215017.0
S14_R2	66.54822641930637	51.0	246.4497969927959	36.36363636363637	215017.0
S15_R1	75.98833926184052	52.0	245.4248881466859	36.36363636363637	207191.0
S15_R2	50.84583587278349	51.0	246.1735500094116	36.36363636363637	207191.0
S16_R1	61.773594348520724	52.0	239.90034840522802	36.36363636363637	51951.0
S16_R2	30.653885392004	50.0	239.3979134184135	27.27272727272727	51951.0
S17_R1	82.13925150004188	54.0	249.6086929686501	27.27272727272727	226827.0
S17_R2	54.416298935057334	52.0	249.81311307736732	27.27272727272727	226827.0
S18_R1	68.18792515804212	52.0	229.30464297331315	36.36363636363637	70709.0
S18_R2	45.75372300555799	51.0	229.75225218854743	36.36363636363637	70709.0
S19_R1	80.72610896880984	52.0	245.8465360300097	36.36363636363637	190605.0
S19_R2	52.55318590802969	51.0	245.4420503134755	36.36363636363637	190605.0
S1_R1	72.09799620255498	52.0	234.20685936549486	36.36363636363637	108494.0
S1_R2	51.58994967463639	51.0	233.9608273268568	45.45454545454545	108494.0
S20_R1	67.49391975347943	52.0	243.64808424483974	36.36363636363637	78533.0
S20_R2	41.91104376504144	50.0	243.99863751543936	27.27272727272727	78533.0
S21_R1	57.66866831508301	52.0	247.5237725185447	36.36363636363637	14155.0
S21_R2	22.211232779936424	51.0	247.53458141999295	27.27272727272727	14155.0
S22_R1	50.34480285881608	50.0	228.01977985203953	36.36363636363637	83671.0
S22_R2	22.40800277276476	48.0	228.45065793405124	36.36363636363637	83671.0
S23_R1	82.67250755287009	52.0	232.05022960725074	36.36363636363637	165500.0
S23_R2	69.75891238670695	51.0	230.85691842900303	36.36363636363637	165500.0
S24_R1	79.3598667266652	52.0	234.04387871360595	36.36363636363637	104447.0
S24_R2	55.06812067364309	51.0	234.05082003312685	36.36363636363637	104447.0
S25_R1	75.66759253278212	52.0	243.46832891932047	36.36363636363637	154810.0
S25_R2	44.27039596925263	51.0	242.82931981138168	27.27272727272727	154810.0
S27_R1	73.76341309462329	52.0	239.44535777816031	36.36363636363637	69708.0
S27_R2	49.59115166121536	51.0	239.44891547598553	36.36363636363637	69708.0
S29_R1	70.26001344523237	52.0	241.87865677791513	36.36363636363637	92226.0
S29_R2	49.66170060503545	51.0	241.60476438314575	27.27272727272727	92226.0
S2_R1	78.00700300680977	52.0	246.65061488873258	27.27272727272727	258746.0
S2_R2	48.59829745962389	51.0	247.8324689077319	27.27272727272727	258746.0
S31_R1	77.90336023417966	51.0	249.91051572378183	27.27272727272727	98386.0
S31_R2	40.973309210660055	50.0	249.7261500620007	18.181818181818183	98386.0
S32_R1	77.1309965396201	52.0	245.16800268864048	27.27272727272727	160676.0
S32_R2	60.9101545968284	50.0	246.77016480370435	27.27272727272727	160676.0
S33_R1	63.438917000722874	52.0	238.60879279752908	36.36363636363637	30434.0
S33_R2	38.89071433265426	51.0	237.85857922060853	27.27272727272727	30434.0
S34_R1	84.41074478546659	51.0	249.58054707313286	27.27272727272727	231852.0
S34_R2	54.93553237140707	50.0	249.3601090350741	36.36363636363637	231852.0
S36_R1	81.82165478564498	51.0	249.69353076458768	27.27272727272727	130881.0
S36_R2	46.708078330697354	49.0	249.50892795745753	18.181818181818183	130881.0
S38_R1	77.12277774212181	52.0	231.49193889994223	36.36363636363637	155810.0
S38_R2	53.992683396444384	51.0	232.19818368525767	45.45454545454545	155810.0
S39_R1	72.68626373146961	52.0	241.04812013018176	36.36363636363637	114609.0
S39_R2	52.55346438761354	50.0	242.17395667006954	36.36363636363637	114609.0
S3_R1	72.9357489224138	52.0	237.99269261853448	36.36363636363637	29696.0
S3_R2	41.450026939655174	51.0	237.91500538793105	27.27272727272727	29696.0
S40_R1	68.58791304854594	52.0	236.5729549119024	36.36363636363637	102954.0
S40_R2	43.8020863686695	50.0	236.4516483089535	36.36363636363637	102954.0
S41_R1	69.01098084850886	52.0	239.22255097366823	36.36363636363637	80777.0
S41_R2	49.31601817348999	50.0	239.83357886527105	36.36363636363637	80777.0
S42_R1	82.45003590975507	53.0	250.34216424379008	27.27272727272727	161516.0
S42_R2	47.822506748557416	52.0	250.13964560786548	27.27272727272727	161516.0
S43_R1	72.80419318607264	52.0	246.74017222014226	36.36363636363637	26710.0
S43_R2	37.79857731186821	51.0	246.8308873081243	27.27272727272727	26710.0
S44_R1	72.0366204434297	52.0	234.28884486675844	36.36363636363637	89349.0
S44_R2	42.019496580823514	50.0	234.99384436311541	27.27272727272727	89349.0
S46_R1	65.8526717636441	53.0	231.0964967789454	36.36363636363637	96397.0
S46_R2	45.04497027915807	51.0	231.16953847111424	27.27272727272727	96397.0
S47_R1	79.35806347201809	52.0	247.9061344256902	36.36363636363637	188461.0
S47_R2	44.90780949021208	51.0	247.79771411591787	27.27272727272727	188461.0
S48_R1	71.96859827227442	52.0	240.00908001765558	36.36363636363637	31718.0
S48_R2	42.35449902263699	50.0	240.20622359543478	27.27272727272727	31718.0
S49_R1	70.01413962053205	52.0	244.80872874946564	36.36363636363637	121644.0
S49_R2	49.522376771562925	51.0	245.80535003781526	27.27272727272727	121644.0
S51_R1	75.37355158385871	52.0	242.98432529353926	36.36363636363637	103734.0
S51_R2	49.7320068637091	51.0	243.648234908516	36.36363636363637	103734.0
S52_R1	72.32641542712682	52.0	240.33429360926567	36.36363636363637	17009.0
S52_R2	28.949379740137573	51.0	240.4618143335881	27.27272727272727	17009.0
S54_R1	78.5523357611297	51.0	249.56054640958962	27.27272727272727	193042.0
S54_R2	46.90553758078263	50.0	249.43402990022898	18.181818181818183	193042.0
S55_R1	77.68296542016303	53.0	243.17933721069804	36.36363636363637	183286.0
S55_R2	55.068035747411145	52.0	243.9212978623572	36.36363636363637	183286.0
S56_R1	77.93454359882625	52.0	233.15140826572807	36.36363636363637	133249.0
S56_R2	63.54344122657581	51.0	232.76765304054814	36.36363636363637	133249.0
S57_R1	81.90902435197935	55.0	237.26833806892463	45.45454545454545	229468.0
S57_R2	62.202137117157946	54.0	237.14955897990134	45.45454545454545	229468.0
S58_R1	72.76002725584087	53.0	248.85430259583882	27.27272727272727	107133.0
S58_R2	35.38218849467485	52.0	248.7076437698935	18.181818181818183	107133.0
S59_R1	82.11979077134649	52.0	250.4966823015152	27.27272727272727	203605.0
S59_R2	50.00928151687707	51.0	250.3831536553621	27.27272727272727	203605.0
S5_R1	75.6878601031032	53.0	243.30398261396948	36.36363636363637	98930.0
S5_R2	36.96654199939351	52.0	242.98469624987365	36.36363636363637	98930.0
S60_R1	75.79126227572502	52.0	248.15408374852404	36.36363636363637	138892.0
S60_R2	38.51553725196556	50.0	247.97248221639836	36.36363636363637	138892.0
S61_R1	81.92789914215261	53.0	247.83906389284434	36.36363636363637	172758.0
S61_R2	55.3247895900624	52.0	247.59517359543406	36.36363636363637	172758.0
S62_R1	82.37220119077803	53.0	247.75890679233075	36.36363636363637	228758.0
S62_R2	54.598404521729634	52.0	247.6714519273643	36.36363636363637	228758.0
S63_R1	78.69807208972111	52.0	218.73908289482677	36.36363636363637	131697.0
S63_R2	55.741588646666216	51.0	217.320106000896	36.36363636363637	131697.0
S64_R1	74.64860467116011	51.0	237.40436424730294	36.36363636363637	151183.0
S64_R2	49.743026663050735	50.0	235.8289357930455	27.27272727272727	151183.0
S65_R1	81.869790138112	54.0	246.1140245211198	36.36363636363637	228293.0
S65_R2	59.78851738774294	52.0	245.8227497119929	36.36363636363637	228293.0
S66_R1	56.8333473715735	51.0	205.21034899065054	36.36363636363637	106851.0
S66_R2	32.45734714696165	50.0	203.00350020121476	27.27272727272727	106851.0
S67_R1	83.66118608284253	52.0	242.32074938540225	36.36363636363637	247723.0
S67_R2	71.75474219188368	51.0	242.02011117255967	36.36363636363637	247723.0
S68_R1	65.31975502065234	52.0	246.24483691781796	36.36363636363637	70210.0
S68_R2	28.62127902008261	51.0	246.10609599772113	27.27272727272727	70210.0
S69_R1	76.26722028770698	50.0	245.87632863973687	36.36363636363637	197006.0
S69_R2	46.68652483769819	49.0	245.65568561363614	27.27272727272727	197006.0
S6_R1	80.9875469236079	52.0	250.54094291630815	27.27272727272727	211514.0
S6_R2	46.05994757807783	50.0	250.42354170409524	18.181818181818183	211514.0
S70_R1	71.31765463917526	53.0	240.38145940721648	45.45454545454545	248320.0
S70_R2	43.86474981977664	52.0	239.74959729381445	27.27272727272727	248320.0
S71_R1	69.92576996464952	52.0	244.04609918472573	36.36363636363637	167183.0
S71_R2	34.73340461169019	51.0	243.63405370163235	27.27272727272727	167183.0
S72_R1	57.178517492292904	53.0	235.85988068047078	36.36363636363637	160242.0
S72_R2	35.376473027852214	52.0	235.07355125372874	27.27272727272727	160242.0
S73_R1	63.95171621681318	52.0	241.24784644608386	36.36363636363637	90548.0
S73_R2	36.65348765295755	51.0	240.60713654636214	27.27272727272727	90548.0
S74_R1	75.38321658620292	53.0	218.43027186927736	36.36363636363637	156178.0
S74_R2	55.943218635147076	51.0	215.95567237382986	36.36363636363637	156178.0
S75_R1	75.00337733518604	53.0	238.44828334877258	36.36363636363637	207264.0
S75_R2	56.45312258761773	51.0	237.6966815269415	36.36363636363637	207264.0
S76_R1	58.827611274493606	52.0	187.61497538248025	63.63636363636363	30263.0
S76_R2	47.176420050887224	50.0	179.8771767504874	54.54545454545454	30263.0
S77_R1	72.65926497654812	52.0	232.5984257979152	36.36363636363637	117901.0
S77_R2	48.319352677246165	50.0	231.9003146707831	27.27272727272727	117901.0
S78_R1	73.08029222278319	52.0	245.0603216521893	36.36363636363637	231741.0
S78_R2	49.83237793201305	51.0	244.80448000138085	27.27272727272727	231741.0
S79_R1	66.22435555555555	51.0	238.62294755555556	36.36363636363637	140625.0
S79_R2	41.810488888888884	49.0	236.46294044444446	27.27272727272727	140625.0
S7_R1	66.52143082929663	52.0	245.72220655953387	27.27272727272727	117051.0
S7_R2	40.33199203765881	51.0	246.59523626453426	27.27272727272727	117051.0
S80_R1	75.91597510373444	50.0	146.8240041493776	63.63636363636363	96400.0
S80_R2	56.11825726141079	49.0	144.01059128630706	63.63636363636363	96400.0
S81_R1	50.614240078897154	51.0	192.90864652788198	54.54545454545454	46643.0
S81_R2	37.791308449285	50.0	188.3941213043758	54.54545454545454	46643.0
S82_R1	79.89479574706212	53.0	242.97008553841235	36.36363636363637	312725.0
S82_R2	48.70875081365934	51.0	242.49452714045887	27.27272727272727	312725.0
S83_R1	82.41524839323642	52.0	246.0775338132936	36.36363636363637	217518.0
S83_R2	57.05780671024927	51.0	245.86847065530208	36.36363636363637	217518.0
S84_R1	84.57188536238749	52.0	243.90895902415917	36.36363636363637	270208.0
S84_R2	74.70245144481288	51.0	243.41480637138795	36.36363636363637	270208.0
S85_R1	75.46676329716507	54.0	244.85851424764098	36.36363636363637	342197.0
S85_R2	45.62108874579114	52.0	244.7142493943547	27.27272727272727	342197.0
S86_R1	60.25928137752563	51.0	215.85725838558773	36.36363636363637	80376.0
S86_R2	32.01328754852196	50.0	214.27229521250123	36.36363636363637	80376.0
S87_R1	82.4370732826805	53.0	244.49765177407855	36.36363636363637	244014.0
S87_R2	69.0677584073045	51.0	244.3041710721516	36.36363636363637	244014.0
S89_R1	69.28199189345686	52.0	243.93672581945344	36.36363636363637	176154.0
S89_R2	42.81858624672636	50.0	242.36537348002315	27.27272727272727	176154.0
S8_R1	79.56184743682432	52.0	226.75487163105066	36.36363636363637	118954.0
S8_R2	62.29382786623401	50.0	226.5016140693041	45.45454545454545	118954.0
S90_R1	67.9103023398738	52.0	225.9797190952288	36.36363636363637	66713.0
S90_R2	47.80627463912581	50.0	224.2935709681771	27.27272727272727	66713.0
S91_R1	78.99900787754375	50.0	237.5441357333248	36.36363636363637	218723.0
S91_R2	52.42493357995821	49.0	236.7274909360241	36.36363636363637	218723.0
S92_R1	66.73931468700812	52.0	223.00827380231667	36.36363636363637	74331.0
S92_R2	50.28588341338069	50.0	219.49162529765508	36.36363636363637	74331.0
S93_R1	78.27620930145825	52.0	237.14255398500728	36.36363636363637	268130.0
S93_R2	55.29927001778695	51.0	236.27898780442322	36.36363636363637	268130.0
S94_R1	73.25808459045943	53.0	177.78146391708333	63.63636363636363	93202.0
S94_R2	58.890367159503015	52.0	172.70116521104697	63.63636363636363	93202.0
S95_R1	70.0442069777057	52.0	178.65022421524662	63.63636363636363	31443.0
S95_R2	52.55859809814585	50.0	173.89765607607416	63.63636363636363	31443.0
S96_R1	80.32078286817622	52.0	247.78361418290328	36.36363636363637	227880.0
S96_R2	55.11271552818327	51.0	247.5986176935229	36.36363636363637	227880.0
S97_R1	87.18242910998197	52.0	244.55747796704196	36.36363636363637	317252.0
S97_R2	70.96787411899689	51.0	243.94626353813373	36.36363636363637	317252.0
S98_R1	84.5669894690145	53.0	246.7033806026204	36.36363636363637	396734.0
S98_R2	63.25585126869983	52.0	246.4749832381394	36.36363636363637	396734.0
S99_R1	77.68179440568856	54.0	246.91184376116712	36.36363636363637	193089.0
S99_R2	47.317210597845886	52.0	246.62386775010486	27.27272727272727	193089.0
S9_R1	86.86740954050332	53.0	248.20328033053713	36.36363636363637	79870.0
S9_R2	61.482408914486044	51.0	248.0079128583949	36.36363636363637	79870.0
